-2.00216
-1.24687
-0.867179
-0.867179
-0.867179
0.110553
-1.01684
-1.01684
0.201244
1.0236
1.46566
-0.183146
-0.327549
-1.30084
0.535529
-0.953239
-0.953239
-2.68935
-0.488199
-1.30687
-0.942853
-0.990835
0.0862357
-0.324761
0.200424
0.200424
0.200424
-0.583131
-2.15573
-2.15573
-2.11637
-2.0292
-0.297836
-0.833478
-0.833478
-0.833478
-1.7406
0.02867
-0.594363
-0.720357
-1.08352
-0.516862
-0.519803
-0.519803
-0.519803
-1.26741
-2.66913
-3.63716
-3.2568
-2.6465
-1.51792
-1.61372
-2.46831
-1.31673
-3.50213
-2.8691
-3.2244
-3.21503
-3.21503
-3.91366
-3.82688
-3.89998
-2.2056
-3.60049
-3.60049
-3.60049
-2.8364
-2.8364
-4.02419
-3.92333
-4.82127
-5.69039
-5.02872
-5.02872
-4.13317
-4.13317
-1.51639
-2.96205
-1.13395
-1.13395
-1.46274
-1.54236
-0.776959
-0.381697
-1.5754
-1.72078
-1.90079
-1.19791
0.735065
-0.740652
-0.740652
-0.740652
-1.43107
-1.07624
-1.07624
-1.29618
-0.22881
-0.536218
0.366639
0.366639
0.464107
-0.855285
-1.55449
-2.4625
-2.90454
-3.74817
-2.12934
-2.04502
-2.49897
-2.65838
-1.85893
-3.81489
-3.14267
-3.85945
-4.27905
-2.26749
-2.21029
-2.21029
-2.59817
-1.66049
-3.26506
-3.65431
-4.23613
-2.36701
-2.0852
-1.44441
-0.97861
-2.78774
-2.89535
-3.34868
-4.01769
-4.56797
-4.56797
-4.1057
-4.1057
-3.80956
-3.80956
-3.4158
-1.49927
-1.11262
-1.97103
-3.05312
-1.09931
-1.09931
-2.41442
-1.72408
-1.72408
-1.60587
-1.46843
-1.15228
-1.29073
-0.687145
-0.687145
-0.687145
0.869745
1.61621
1.25171
0.983454
0.703749
0.703749
1.41216
1.07154
1.13492
1.93866
3.16045
1.97667
2.99608
2.32998
2.32998
2.32998
1.64095
1.31388
1.45159
1.26286
1.26286
0.610108
0.610108
-0.0664093
-0.647341
-1.47838
-1.13982
-0.118619
0.870001
0.870001
0.870001
0.88333
0.373898
-0.700548
-1.46543
-1.25976
-3.32829
-3.01535
-2.88743
-0.452795
-0.452338
0.0430294
-0.0268205
-1.08433
-1.98456
-2.28724
-2.64179
-1.3422
-1.51121
-1.5071
-2.5087
-2.18583
-1.58774
-1.70633
-2.70323
-4.93268
-4.25755
-4.92705
-2.29991
-2.20227
-3.2755
-3.03901
-3.65754
-1.70004
-2.1515
-3.06388
-3.06388
-1.79373
-1.25472
-1.2683
-0.951222
-1.24453
-1.75081
-2.00553
-1.2692
-1.51029
-1.82862
-2.70835
-3.66071
-4.0005
-4.04545
-3.82517
-2.60513
-0.536277
-0.0995356
-0.111166
-2.22753
-0.620444
-0.620444
-0.418267
0.344956
1.57883
2.01561
1.91416
1.44331
1.26846
1.47658
1.47658
-0.93494
-1.29502
-3.09304
-2.56207
-3.01807
-1.93316
-1.50279
-1.98595
-1.34608
-3.41364
-4.31101
-4.31101
-4.64738
-5.36724
-4.9235
-4.9235
-3.35452
-3.04957
-4.11961
-5.51461
-3.47716
-2.35322
-3.76315
-3.98371
-4.23198
-4.3525
-3.59751
-3.59751
-3.46168
-3.46168
-3.46168
-2.22967
-2.86448
-2.12182
-2.12182
-1.76852
-3.0914
-1.77442
-1.5352
-3.22005
-3.11752
-3.88458
-4.09021
-3.56368
-3.29101
-4.57287
-3.93833
-3.56354
-2.81534
-2.88989
-1.3305
-0.307775
-0.85005
-0.372063
-0.372063
-0.927875
-0.331835
1.47394
0.640324
0.62155
0.397898
0.271752
-0.977412
0.160653
0.0271625
0.257173
-0.0836567
-2.14308
-1.18143
-0.782127
-0.495983
-0.304475
-1.15448
-0.280894
0.42131
-0.625092
-2.25539
-2.25539
-2.30269
-2.63343
-2.63343
-3.27792
-1.8345
-1.79015
-3.09395
-2.63475
-4.32031
-4.32031
-4.35893
-5.53498
-3.87566
-3.4162
-1.8569
0.854267
1.2007
1.34968
1.34968
1.34968
1.34968
0.267628
1.23277
1.23277
1.11999
0.840046
1.72281
1.72281
1.72281
0.460285
1.85375
1.85375
0.0238276
0.252887
1.59901
0.0671069
1.81446
1.71361
0.501765
0.501765
0.73838
0.652213
-0.422369
-0.280932
-0.166503
-1.26477
-2.70991
-1.77078
-1.70251
-2.08053
-2.14652
-2.69537
-2.30931
-1.12816
1.31156
1.31156
0.45263
0.45263
-0.109163
-2.00585
-1.59101
-3.55966
-3.55966
-2.59644
-2.07384
-2.31507
-1.01682
-3.15068
-0.504986
1.01388
0.438645
0.142605
0.216423
0.216423
-0.570918
0.0460597
-0.245046
-1.26689
-2.82766
-3.47604
-4.20034
-4.55999
-5.02881
-5.25004
-4.84221
-5.6207
-4.59994
-4.73065
-4.90649
-4.90116
-2.91131
-2.44442
-4.17287
-4.17287
-3.46981
-2.54305
-3.29334
-3.29334
-3.54505
-5.22627
-5.22627
-6.08702
-6.08702
-4.53374
-4.53374
-4.86009
-3.20443
-3.20443
-3.15488
-3.15488
-3.53382
-2.74681
-1.06026
-1.07594
-1.05575
-0.684917
-0.564865
-1.64616
-0.294382
-0.475654
-1.07018
-0.716182
-0.09075
-0.09075
-0.689982
-1.85097
-2.31137
-1.61313
-1.17718
-1.17718
-1.61195
-1.69517
-2.95278
-2.95278
-1.88741
-2.73516
-3.55354
-2.13987
-0.73534
-1.24873
-0.928459
-2.19216
-0.869191
-0.14964
-0.240897
-2.3763
-3.20755
-3.92941
-2.90142
-2.09325
-2.09325
-2.46819
-2.63684
-2.68103
-2.68103
-2.79962
-2.65388
-3.63372
-5.04136
-5.28507
-5.96563
-5.46318
-5.48492
-4.69783
-5.55951
-5.22911
-4.94112
-4.70653
-1.67127
-2.20653
-2.20653
-1.80931
-1.20669
-1.10876
-0.156763
-0.260718
0.213377
-0.426408
-2.01796
-2.01796
-2.91926
-3.54836
-2.77945
-2.1447
-3.39321
-3.5223
-3.10228
-1.61638
-0.884402
-1.35581
-0.567658
-2.8714
-2.43748
-2.48726
-0.862389
-1.70911
-1.01395
-1.01395
0.632497
1.41927
0.700502
0.257752
1.76944
1.76944
1.81484
2.74216
3.10284
3.10284
1.63453
0.399836
0.178296
0.178296
-1.40181
-1.40181
0.0523709
-1.60478
-1.07104
-0.527234
-2.72965
-0.343445
-0.0469829
-0.0469829
-2.38772
-2.22011
-2.1184
-4.58876
-2.56466
-2.0306
-2.1151
-2.42019
-1.21591
-1.25031
-1.83871
-1.90419
-0.750063
-0.516188
-0.550025
-0.751409
-2.26537
-1.9665
-2.56214
-2.56214
-3.188
-2.68422
-2.15176
-2.15176
-1.51094
-0.755501
0.826415
1.92443
1.63687
0.961175
-0.10427
-0.232523
-0.232523
0.593978
0.600994
0.600994
-1.69034
-1.69034
-0.842347
-1.51091
-0.876941
-1.19147
-2.97131
-2.12586
-2.81199
-2.51779
-2.09692
-1.50108
-1.04609
0.577679
-1.29998
-2.25814
-2.87475
-2.55647
-0.440384
0.131515
0.12487
-0.520403
-0.569529
-1.09151
-3.20496
-2.41306
-2.75982
-3.30785
-2.7824
-4.37071
-4.03707
-2.47584
-2.12623
-3.45203
-3.75525
-3.09581
-1.82528
-0.548793
-1.07667
-2.62586
-3.29351
-3.29351
-4.10166
-6.0591
-6.0591
-5.15054
-5.15054
-4.20975
-4.31348
-3.52339
-5.02375
-2.80813
-2.56509
-2.31609
-2.31609
-3.68362
-3.68362
-3.12216
-2.51603
-3.64828
-2.60618
-0.983275
-1.04565
-0.441377
-1.72018
-0.541848
-0.541848
-1.20412
-0.443387
-0.882538
-0.86599
0.0495973
0.0495973
-1.40111
0.00506192
0.0376588
-0.812235
-0.828714
-1.10676
-1.10676
-0.561519
-0.473709
-0.135266
-0.582819
-1.28947
-1.54917
-2.5767
-3.61987
-3.75112
-3.66808
-4.92059
-4.92059
-5.19769
-4.88395
-5.27837
-5.84398
-5.85933
-6.11275
-5.06165
-5.06165
-3.5748
-2.35179
-2.35179
-2.35179
-3.12116
-3.45192
-3.98457
-3.15864
-3.15864
-2.22883
-1.91826
-3.6089
-2.96091
-3.32134
-2.43277
-1.21197
-0.7524
-1.81981
-1.3712
0.957289
1.6243
1.6243
1.7227
0.176833
0.506802
2.73702
2.73702
1.67088
-0.480764
-1.13654
-0.267947
-0.0813632
0.202496
-0.401985
-2.05352
-3.03945
-2.68667
-1.69969
-1.69969
-1.7637
-0.682255
-0.333903
0.644405
-0.07771
-1.46298
-0.677507
-1.30008
0.0605015
-0.493528
-1.24474
-0.565275
0.0972133
1.18884
0.85476
0.355966
0.576868
0.701498
2.0603
1.11156
1.05163
0.786812
-0.18919
-0.0881246
-0.0691001
-0.772376
-0.33625
-1.87318
-0.967078
-2.44906
-3.22812
-2.03288
-2.41639
-3.68299
-3.2989
-4.05955
-3.81455
-3.12446
-2.30761
-3.11733
-2.81811
-2.81811
-3.59895
-4.01106
-4.01106
-2.82966
-1.11575
-0.818256
-0.818256
-1.19815
-1.41788
-1.41788
-0.9711
-0.83398
-1.66928
0.000876591
0.000876591
-0.0194742
-1.14035
0.492762
0.492762
0.537145
0.298109
-0.942126
-0.29886
-1.77747
-2.53916
-2.53916
-2.14249
-1.01656
-1.7947
-3.67665
-4.28408
-2.78482
-3.15551
-3.18314
-5.85608
-4.83132
-5.51445
-4.26124
-4.72526
-4.72526
-4.00875
-4.11738
-6.01823
-6.01823
-6.46356
-6.58462
-6.58462
-6.40373
-5.25751
-4.89264
-4.89264
-5.17145
-5.17145
-4.31844
-4.71369
-4.71369
-4.66048
-4.1544
-4.2207
-4.2207
-3.3216
-2.11287
-2.47035
-2.72492
-0.539984
-1.2025
-0.743187
-0.415093
0.412924
0.412924
0.14562
0.749298
0.189424
-0.501277
-0.606847
-0.606847
-3.01285
-4.30192
-3.29277
-4.34206
-2.52286
-2.97064
-2.97064
-1.56259
-0.875885
-0.599523
-0.599523
-0.538061
-0.658676
-0.904485
-1.77546
-1.51039
-2.172
-1.40263
-3.05282
-3.05282
-2.3364
-2.3364
-3.45611
-3.22649
-4.70371
-4.26904
-3.58241
-3.83238
-4.54924
-3.40817
-3.40817
-2.87722
-3.35985
-2.13454
-2.80242
-2.80586
-3.08435
-3.83443
-2.49658
-2.49658
-4.37851
-4.69206
-4.43444
-4.43444
-3.84417
-3.1235
-2.59664
-3.47557
-3.51123
-3.04504
-2.58934
-2.49881
-0.964268
-0.477076
-0.126593
-1.40104
-1.95276
-1.95276
-0.375074
-0.375074
-2.55657
-4.04062
-4.01002
-4.54725
-3.06084
-3.62598
-2.63174
-3.07083
-3.39436
-2.41098
-1.68621
-3.5968
-3.5968
-3.43418
-5.30872
-5.30872
-5.4076
-5.4076
-5.4076
-4.78458
-3.38996
-3.44263
-5.38307
-6.33443
-6.39161
-6.40076
-5.55849
-5.48274
-4.32675
-4.80227
-2.72788
-3.892
-4.58861
-3.99788
-3.99788
-4.48541
-1.32208
-1.11125
-2.59569
-2.88672
-2.58116
-1.4696
-1.23892
-3.45576
-3.91016
-4.41804
-4.41804
-4.41804
-4.34086
-3.9253
-4.54809
-3.91028
-3.89854
-3.80496
-3.15955
-3.15955
-1.44404
-1.05157
-0.977991
-2.2207
-1.54167
-2.3502
-3.55274
-3.41204
-4.31045
-3.77234
-2.63783
-2.04386
-2.03869
-0.342753
-1.09324
-0.711344
-1.2619
-2.97654
-1.59667
-0.913896
-1.10521
-0.604555
-0.604555
-0.604555
-0.325954
-1.35765
-1.01315
-1.01315
-0.240568
-0.191848
-0.330944
-0.330944
0.195409
-0.703012
-0.703012
-1.06711
-1.76528
-1.76528
-1.13036
-0.132341
0.189632
-0.579239
0.268342
0.268342
0.0379696
0.0379696
-0.449817
-1.41461
-2.32875
-1.19226
-1.07612
0.213102
-0.0460235
1.08311
0.83891
0.231015
0.250401
0.898519
0.735438
-0.4444
-0.858614
-0.858614
-1.05058
-1.99214
-2.95612
-3.38796
-4.11468
-3.53783
-2.29446
-1.89728
-1.89728
-1.90099
-2.12872
-2.12872
-1.7153
-0.502028
-0.354456
1.37021
2.33455
2.33455
1.34761
1.99446
1.99446
1.28398
1.28398
0.23688
2.43311
2.89576
2.94447
3.54783
1.38858
1.38858
1.38858
-0.431367
0.248282
0.248282
0.248282
-0.857092
-0.967659
-0.967659
-0.839262
-1.98594
-1.37471
-1.37471
-1.37471
-2.40356
-1.37668
-2.48492
-1.78735
-0.809292
0.135276
0.0165118
0.435353
-0.0521689
-0.417048
0.200268
-0.481204
-0.0068052
-0.404766
-0.689437
-0.266994
-0.0328454
0.563026
0.563026
2.28631
2.03234
0.22123
-0.584587
0.90351
-0.807384
-0.505545
-1.67412
-0.714343
-0.245796
0.491969
0.491969
0.999013
-0.690715
-0.31342
-0.31342
-1.41462
-0.704963
-0.891447
-1.39146
0.155306
-0.404482
-0.628723
-1.27381
-1.27381
-1.89069
-0.983163
-2.46613
-1.20838
-1.20838
-1.20838
-1.55514
-2.2339
-2.01342
-1.54418
-2.61965
-1.30963
-0.53385
-2.16676
-1.5907
-0.335353
-0.837581
-0.837581
0.0783185
-1.19998
-0.10901
0.7731
1.3404
1.3404
-0.0453474
-0.0453474
-1.38332
-2.30377
-2.30377
-1.59148
-4.30745
-3.84246
-2.44131
-1.86817
-1.97434
-2.47402
-1.62593
-2.36487
0.311834
0.289143
0.289143
-0.571483
-1.77278
-2.9531
-3.57984
-3.47882
-3.47882
-3.29594
-2.88837
-3.17943
-2.41024
-2.90015
-2.34287
-2.96985
-2.5816
-1.37539
-1.91016
-2.39866
-1.23518
-2.08173
-1.86162
-1.51407
-2.30699
-3.67987
-3.9511
-4.25447
-3.9056
-3.59708
-3.18035
-3.47743
-3.47743
-3.47743
-3.61103
-2.65857
-2.06156
-0.668857
-1.40355
-2.78925
-3.78913
-3.54169
-4.53797
-4.53797
-3.89528
-3.89528
-4.10707
-4.10707
-4.16267
-4.16267
-2.47588
-2.65706
-1.39283
-1.23599
-0.846815
-0.583276
0.273888
-0.721159
0.204536
-0.167218
0.845497
0.31717
0.31717
0.291611
0.276196
0.164596
-0.530492
0.381964
1.04366
-0.713766
-0.0403404
-1.26934
-3.02367
-3.87173
-4.70271
-4.70271
-5.17804
-5.22405
-4.99437
-5.28123
-5.93614
-4.94614
-3.90332
-3.18541
-3.35984
-3.6767
-2.87183
-1.93663
-1.29243
-0.643806
-1.18315
-0.6821
-1.62605
-1.67291
-1.67291
-1.65001
-1.88917
-1.26919
-1.61033
-1.53803
-2.55136
-3.01712
-1.74291
-0.594396
0.354041
-0.0102663
-0.79847
-1.67174
-2.45786
-2.45786
-1.47941
-2.01635
-0.798372
-0.180086
-0.517213
-1.0055
-0.432776
-0.432776
-0.211919
-0.24648
0.154924
-0.07625
1.04301
1.21925
1.21925
1.99774
1.99774
1.99774
1.99774
1.99774
1.99774
2.43703
0.0538366
-2.17351
-2.22869
-1.76971
-2.76838
-2.00787
-2.43805
-3.27723
-3.27723
-3.89665
-5.30938
-5.75961
-4.30155
-3.99357
-4.03731
-3.35697
-3.35697
-2.81937
-1.21051
-1.04361
-1.04361
-0.597279
-0.0550994
-0.0550994
-0.633524
0.339385
-0.644349
-0.644349
-1.6378
-0.658027
-1.6778
-2.30187
-2.92461
-2.92461
-2.39057
-2.39057
-1.39941
-1.39507
-1.71564
-1.64827
-2.58238
-2.84139
-3.85782
-3.17
-3.70508
-3.04524
-3.73414
-3.63634
-2.32452
-0.911899
-2.0621
-2.09743
-2.66154
-3.16982
-2.8542
-2.8542
-1.61133
-1.15596
-1.52287
-1.94384
-1.81624
-1.09842
-1.64068
-1.4511
-0.667506
-0.667506
-2.11391
-2.38075
-2.24685
-3.19696
-3.19696
-3.00133
-2.49232
-1.80116
-1.6442
-0.339532
-0.428521
0.460939
-1.92923
-1.92923
-1.52166
-0.861429
-1.16757
-1.40988
-1.20197
-1.54636
-0.69803
-0.69803
-0.466633
-0.470444
-0.0786521
0.134695
-0.161423
0.101876
-0.133106
0.149587
-1.51099
-1.10716
-0.179191
-0.326942
0.198348
0.198348
-0.220192
0.754568
0.724541
0.724541
1.61182
0.755163
1.46482
1.17727
0.533283
-2.094
-1.09379
-1.36991
-1.69735
-0.603188
-0.428867
-0.741173
-0.741173
-0.351939
-1.27756
-2.28456
-1.6268
-1.6268
-1.22904
-1.22904
-0.805122
-0.805122
0.362125
0.362125
-0.740081
-0.740081
-1.77494
-1.07368
-0.359776
-0.986024
0.330773
-0.505685
-1.42975
-1.73943
-1.65526
-2.22988
-0.859866
-1.05433
-1.99184
-2.33363
-2.16334
-3.26329
-2.41256
-2.41256
-2.41256
-3.2387
-3.99881
-3.99881
-2.73935
-2.22855
-1.67002
-0.235808
-1.0823
-1.97343
0.348969
-0.333005
-0.0640245
-0.0640245
-0.12044
-0.12044
-0.428013
-0.0156238
-0.766904
-0.766904
-0.766904
-1.3376
-1.82477
-1.93988
-3.22166
-3.22166
-3.68115
-3.45528
-1.92202
-2.94721
-2.90756
-1.55413
-1.75261
-2.67736
-2.68469
-2.42343
-2.97718
-2.78056
-3.53608
-1.85216
-2.48991
-2.47359
-2.64368
-2.21548
-1.97449
-1.75241
-1.80046
-0.913287
-1.10742
-0.146551
-2.13032
-2.49839
-2.12905
-2.08861
-2.766
-3.62307
-3.0292
-3.58548
-4.14859
-3.50489
-2.96404
-2.96404
-1.43167
-2.5296
-2.5586
-3.25777
-2.72346
-2.08927
-2.28678
-1.43592
-0.85561
-2.3556
-1.67156
-2.70377
-2.70377
-1.6172
-0.781485
-0.340335
-0.278323
0.163864
-1.79373
-1.79373
-1.17677
-1.50712
-2.02453
-1.11963
-1.81461
-2.15641
-1.92943
-2.28963
-2.28963
-2.4652
-3.07793
-1.57216
-3.65501
-2.0927
-1.62671
-0.9519
-0.796269
-1.93854
-2.27784
-1.18585
-1.76688
-1.76688
-0.243968
-0.829813
-0.829813
-0.829813
-2.20244
-3.63612
-3.1385
-3.1385
-3.1385
-3.88645
-3.88645
-5.01371
-5.01371
-5.01371
-5.01371
-4.89942
-4.04159
-2.9206
-2.82468
-1.06102
-1.0521
-1.89645
-1.38117
-1.06962
-2.16183
-3.28717
-3.16278
-3.60814
-2.99818
-2.1962
-2.1962
-3.83731
-3.83731
-3.98174
-4.91351
-4.59128
-3.96001
-4.57723
-5.30929
-6.22661
-3.92485
-1.19224
-0.158919
-0.293385
-0.126077
-0.285572
-0.323666
-1.24756
-1.24756
-1.11045
-0.772139
-0.675573
-0.382189
-0.250385
-1.36395
-0.213086
0.600264
0.600264
0.600264
0.215047
1.59905
0.6676
1.07293
0.106973
0.106973
-0.810597
-0.574145
0.371912
1.65927
1.65927
0.0516469
0.0516469
0.591773
0.939812
0.665537
1.63976
1.90099
0.908155
1.00472
1.00472
1.00472
0.457317
-1.68038
-2.60264
-3.02471
-2.35557
-0.124969
0.766642
-0.897383
-1.35381
-1.35381
-2.44865
-2.53575
-2.61647
-2.04709
-3.86441
-4.89317
-4.5427
-4.5427
-3.80146
-3.03147
-3.78273
-3.93709
-3.02026
-3.09073
-2.33104
-3.68861
-3.40358
-3.40358
-3.40358
-5.17315
-4.29741
-4.24543
-4.60321
-4.60321
-4.7403
-4.09015
-3.58969
-3.58969
-3.48533
-2.83153
-2.87542
-3.01076
-3.14323
-2.95399
-3.28729
-4.06388
-4.66887
-4.66887
-5.03667
-4.65689
-3.21092
-5.20655
-5.20655
-5.20655
-4.48307
-4.37996
-4.37996
-5.05202
-5.37312
-5.37312
-5.37312
-5.80561
-5.80561
-5.92995
-6.33183
-4.73025
-4.73025
-3.98722
-4.26644
-1.79716
-1.10341
-1.04812
-0.829743
-0.829743
-1.4465
-1.0803
-1.0803
-2.13626
-2.06252
-2.43815
-1.95613
-3.8553
-3.98118
-2.78464
-3.86711
-4.28573
-4.28573
-4.36884
-3.66393
-2.59285
-0.723357
-0.27865
-0.27865
-1.39417
-0.799681
-0.650084
-0.650084
-0.921263
-1.10115
-1.76058
-1.76058
-1.94256
-1.76673
-2.96156
-2.67397
-2.67397
-3.14603
-2.53717
-3.74555
-3.34258
-2.36244
-2.42052
-2.7162
-2.63696
-1.58171
-0.654995
-1.40134
-1.0404
-1.90424
-2.10277
-1.56533
-1.01465
-1.0143
-0.635074
-1.88992
-0.843036
-2.9546
-2.97865
-2.16042
-2.07093
-3.77424
-2.68315
-1.52673
-2.04244
-1.14154
-1.8733
-2.03158
-2.76683
-3.48421
-3.58925
-3.58925
-3.58925
-2.47507
-3.34033
-3.57127
-1.93715
-2.76194
-2.75018
-1.52528
-2.10268
-2.32858
-1.80609
-2.65142
-2.65142
-1.24015
0.908474
0.723796
-0.0316833
1.53474
1.97827
2.11173
0.835726
1.06769
1.06769
1.37434
0.935889
0.971711
0.507038
-0.606498
0.179028
-0.883174
-0.883174
-0.189988
-0.189988
-0.56298
0.308362
-0.429709
-0.901818
-0.0340252
-0.329528
-0.329528
-1.44657
-1.7197
-1.66604
-2.57964
-2.00364
-3.69321
-4.93228
-4.72755
-4.72755
-4.51214
-4.71025
-4.74641
-5.19144
-4.29267
-4.29267
-5.28398
-4.4946
-3.64899
-2.99285
-2.68701
-1.0162
-2.10558
-3.08037
-3.65493
-2.82559
-1.4371
-1.3744
-2.50026
-1.91139
-3.46274
-2.51954
-2.51954
-3.55817
-1.92691
-2.77889
-2.60381
-4.0896
-3.87333
-4.55342
-4.55342
-3.69022
-2.65571
-2.65571
-3.05139
-4.66817
-4.16962
-4.65892
-5.33096
-3.67762
-4.9214
-3.59379
-3.70053
-3.18971
-2.61327
-2.43197
-1.98047
-1.96853
-0.700153
-0.680501
-1.00062
1.40783
1.40783
1.40783
1.40783
0.53485
0.339102
0.339102
-0.317679
-2.869
-3.06002
-3.42688
-3.93091
-3.15299
-2.38144
-2.78188
-1.07409
-2.35811
-2.18199
-1.62355
-2.28564
-1.54061
-1.54061
-1.58816
-0.683907
-0.848263
-1.6747
-1.6747
-2.01193
-2.05037
-0.771067
-2.45181
-2.34733
-2.75405
-1.99874
-2.8833
-2.77689
-2.07635
-1.70333
-2.12672
-0.435093
-0.546062
-1.43398
-4.45754
-2.25268
-3.5602
-3.86945
-3.27564
-3.27564
-2.44253
-1.03513
-1.18322
-0.00331164
-0.00331164
-0.00331164
-0.908095
-0.561377
-0.0613959
-0.0613959
0.16507
-1.56851
-0.420528
-2.70559
-2.70559
-2.77786
-1.33456
-0.934768
-1.96568
-1.31623
-0.267401
0.335411
-1.40955
-1.84458
-1.35289
-1.75447
-1.17392
-1.17392
-1.64023
-3.18017
-2.08551
-3.0565
-2.61412
-3.81209
-1.88858
-1.88858
-2.20677
-1.63245
-1.01417
-1.9666
-2.95173
-1.90175
-2.6169
-2.6169
-1.69708
-1.69708
-2.73608
-3.95787
-4.04332
-4.04332
-4.81553
-4.38167
-6.31579
-6.48502
-6.48502
-6.026
-6.01956
-5.54683
-5.00599
-4.03936
-4.03936
-2.68045
-2.93143
-3.06838
-2.28741
-2.6875
-2.2935
-2.2935
-1.40573
-2.40034
-1.61445
-1.61445
-1.85164
-1.85164
-1.46007
-1.46007
-0.746285
-0.870171
-0.870171
-1.21794
0.163417
-2.55269
-3.07833
-3.3605
-2.71847
-3.01167
-2.66735
-1.51924
-2.88136
-2.95771
-1.86767
-1.6198
-0.448961
-0.448961
-0.672942
-1.48568
-1.48568
-1.68728
-3.16563
-4.17692
-3.86326
-3.63701
-3.56619
-3.66761
-3.50663
-1.35544
-0.601811
-0.783776
0.968933
0.738962
1.56781
1.65519
1.07498
0.803243
1.76259
1.76259
1.79364
0.938019
-0.697386
0.164709
1.34801
1.09836
1.09836
-0.584809
-0.584809
-1.62143
-2.03409
-2.03409
-1.75627
-2.43186
-2.84086
-0.284728
-1.00637
-1.76238
-0.81118
-1.42265
-2.71179
-3.22792
-3.62433
-2.74434
-0.429806
-0.429806
-1.09295
-1.51924
-1.51924
-1.33569
-0.801696
0.407916
0.362758
0.362758
0.369378
0.494211
-1.17641
-2.32059
-1.51368
-1.51453
-2.15212
-1.10152
-2.10097
-4.03635
-4.63825
-3.72987
-3.72987
-3.25525
-3.80751
-3.80751
-4.70704
-4.58986
-4.58986
-5.62352
-5.62352
-4.37422
-4.09363
-4.66442
-4.25075
-4.27395
-3.92126
-2.68162
-3.21959
-2.50443
-1.72556
-1.07746
-1.07746
-1.6247
-1.19337
0.0918178
1.36832
1.11574
1.43946
1.67991
2.2032
1.908
1.03493
1.23709
1.23709
0.262079
0.337931
-0.138427
-0.138427
-0.138427
0.0996654
1.33376
-1.23258
-0.304645
-1.02704
-1.06319
-0.133342
-0.133342
-0.110116
-0.110116
-0.110116
0.169967
0.304216
0.329939
1.50639
0.0876668
0.0876668
-0.169581
-0.660406
-0.660406
-1.13091
-2.45718
-2.14367
-1.92762
-1.83056
-2.56674
-3.33586
-3.33586
-2.82368
-1.59256
-1.68173
-2.3725
-1.10326
-1.10326
-2.39033
-1.46796
-1.57944
-0.311582
-2.34402
-3.11796
-3.89531
-2.96354
-4.21511
-3.07832
-3.44023
-3.13166
-2.49623
-1.81055
-1.8255
-2.54938
-2.71379
-3.53704
-3.29351
-1.73623
-1.73623
-1.73623
-3.29475
-2.92389
-2.0137
-2.51536
-3.25953
-1.7914
-1.2016
-2.53259
-1.28265
-1.9269
-1.9269
-4.30265
-4.17917
-2.25032
-2.15578
0.117188
0.465625
0.465625
-0.0139247
-0.660417
-0.660417
-0.660417
1.22458
1.22458
1.22458
1.61691
1.61691
1.28788
1.06061
1.06061
1.06061
1.53452
1.49292
0.977807
1.02389
1.02389
1.06848
0.673678
-0.300826
0.53213
1.29283
1.83443
0.499424
-0.29999
-2.14323
-2.97145
-4.17542
-5.05507
-4.25039
-4.10957
-2.91364
-2.59755
-2.11975
-1.8335
-0.405519
-1.14283
-0.859556
-1.98275
-1.22881
-2.26334
-2.07802
-2.86406
-3.51388
-3.76372
-2.32024
-3.24046
-3.24046
-2.36619
-2.47055
-1.77885
-0.733249
-0.305496
-0.305496
-0.100288
1.17047
0.627154
1.06127
0.552877
1.24153
1.5756
1.07137
0.563542
0.249016
-0.0106852
-0.302433
-1.63481
-2.58823
-2.26472
-2.26472
-3.57053
-2.16525
-2.49232
-2.3227
-2.25913
-0.607232
-1.21773
-2.9864
-2.77206
-2.10848
-2.60017
-2.75163
-3.62098
-3.3524
-3.36853
-3.36853
-3.38191
-2.08345
-2.11683
-1.26632
-2.75856
-3.53247
-2.87943
-3.58299
-4.95898
-3.7457
-5.34976
-5.59226
-4.04814
-4.04814
-3.3077
-3.3077
-1.64203
-1.07963
-1.82869
-1.93287
0.170251
-1.36592
-1.03345
0.433857
0.147148
-1.52947
-1.18471
-2.29626
-2.5909
-2.27591
-1.20645
-1.82853
-1.85931
-1.85931
-0.742868
0.126432
0.126432
0.126432
0.126432
0.126432
-0.379781
-0.285994
-1.32289
-1.40699
-0.920439
-0.920439
-0.920439
-3.15341
-3.50573
-3.50573
-3.50573
-3.78709
-3.24058
-4.22849
-3.60819
-3.42965
-2.67265
-1.17847
-1.57375
-1.37358
-1.80596
-0.263689
-1.52526
-1.53902
-1.16667
-2.07459
-1.69551
-0.611449
-0.611449
-1.26599
-1.46846
-2.70439
-2.76628
-2.88406
-2.54404
-2.89178
-3.45968
-3.49205
-4.01276
-3.83503
-3.35789
-3.84811
-2.80355
-2.5146
-2.35616
-3.98781
-3.98781
-3.58006
-2.2569
-2.16672
-2.73977
-3.41076
-2.891
-2.5712
-3.32349
-3.32349
-3.85149
-4.17496
-3.93657
-3.92684
-3.44935
-3.44935
-3.57958
-2.89927
-3.43296
-5.48627
-5.06239
-2.53889
-2.53889
-2.17135
-0.507797
1.06064
2.05087
1.77684
1.77684
1.62012
1.62012
1.89931
-0.503529
-0.826136
-1.6545
-1.36164
-1.77693
-0.739041
-0.697695
-0.697695
-0.479548
-0.479548
-0.287326
0.0751691
0.0151667
0.904325
0.904325
-0.524247
-1.22923
0.495465
0.542565
1.1747
1.1747
1.26027
1.20764
1.42649
1.42649
1.42649
2.03578
2.993
3.55908
3.00325
2.52629
1.59158
1.92767
1.42644
2.66007
2.80459
3.40682
3.47956
1.94884
1.94884
0.469058
0.469058
0.116846
0.704555
0.309885
0.309885
-0.654323
-1.3456
-2.5854
-1.07771
-0.680472
-2.25872
-2.25872
-2.44887
-2.15761
-2.47343
-2.34226
-2.52536
-3.03287
-2.84229
-2.56296
-2.56296
-2.42234
-2.76079
-3.33141
-3.5964
-3.04332
-2.36522
-1.85054
-1.93274
-1.99978
-1.34231
-0.755984
-0.048518
1.0992
-0.0470663
-0.344707
1.57701
1.67971
1.67971
0.952889
2.14293
3.87159
3.5129
3.5129
3.08012
3.08012
2.98117
2.98117
2.93532
2.49584
3.12033
3.12033
3.12033
3.12033
2.61747
1.67303
1.67303
1.6734
1.64745
0.323272
-1.00296
-0.104513
-0.104513
1.31598
1.31598
1.67003
2.60147
2.60147
1.42713
1.00591
0.574313
0.516577
0.570015
0.570015
-0.743263
-1.17059
-0.00938857
-0.906046
-0.582681
0.22885
0.168335
-0.923992
-0.448056
-0.448056
-1.09066
-1.08679
-1.53604
-1.53604
-0.710603
-0.710603
-0.710603
-1.28002
-1.76087
-3.07866
-1.28143
-1.30595
-2.01893
-1.56804
-1.49275
-1.61963
-1.11055
-1.11055
-1.0584
-0.439766
-0.664644
-0.162272
-2.73333
-1.86723
-0.897664
-0.349435
-0.580377
-0.58906
-0.58906
-1.33941
-2.37379
-2.87654
-4.02389
-2.45573
-1.97134
-1.39246
-0.161339
-1.51654
-1.51654
-2.35727
-2.44981
-3.11673
-3.43161
-1.21705
-1.7055
-0.196269
-1.9447
-1.58056
-1.58056
-1.85808
-2.73215
-2.73215
-1.34442
-1.09025
-0.768655
-0.768655
-0.846714
-0.846714
-1.96779
-0.984709
-0.984709
0.37669
-0.377327
-1.31331
-1.2791
-1.09367
-0.797211
-0.595073
-1.00722
-0.495237
-1.25532
-1.84534
0.658845
1.72615
1.29203
-0.292849
-0.292849
-0.37722
-1.54627
-1.54627
-0.737742
-0.287944
-0.107049
0.0314686
1.31749
0.965606
0.965606
0.696884
0.2091
-0.531386
-1.28098
-2.15944
-3.4815
-3.4815
-3.6253
-2.96832
-2.84187
-3.12761
-1.44751
-3.28662
-3.23592
-3.85894
-4.08393
-4.08117
-4.73396
-4.36346
-4.8514
-4.8514
-4.8514
-6.17938
-6.17938
-5.80144
-6.32999
-6.32999
-6.46862
-6.75887
-6.0548
-6.0548
-6.0548
-6.20277
-6.20277
-6.20277
-4.95351
-3.95634
-3.07269
-3.07269
-2.33772
-1.43746
-1.15964
-2.00916
-2.08312
-2.27098
-2.12969
-2.1705
-1.89507
-1.84266
-3.17935
-1.08024
-2.78626
-2.18928
-0.210436
-0.210436
-0.106951
-1.17629
-0.416153
-0.168893
-0.0108777
-0.0108777
-1.03567
-0.824544
-2.34796
-1.09639
0.349934
-0.210548
-0.959184
0.275324
0.275324
-0.903337
-0.668721
-0.905323
-1.328
-2.39524
-2.35343
-1.63355
-1.63355
-2.05341
-2.56719
-2.12636
-1.79789
-1.25825
-0.985815
-1.70079
-2.33623
-0.813677
-2.10905
-3.52131
-1.89157
-1.1017
-1.62391
-1.62391
-1.62391
-2.70068
-2.33647
-0.754806
-2.34635
-2.3643
-0.63986
-1.20651
-0.709177
-0.646871
0.118252
-0.707918
-1.40404
-1.40404
-2.38743
-2.60313
-3.22475
-2.88365
-2.79091
-2.79091
-2.27162
-2.27426
-1.89244
-1.15291
-0.631339
-0.631339
-1.54931
-2.45713
-4.40704
-4.52446
-4.52446
-4.52446
-4.59697
-2.97453
-3.23392
-2.61179
-2.90755
-0.536087
0.711307
0.711307
-0.447428
-0.447428
-0.447428
-0.447428
-1.24368
-0.834301
-1.2089
-1.41069
-0.671085
-0.41556
-0.0622599
-0.334502
-1.20308
-0.171401
-0.171401
-0.171401
-0.871035
-0.285193
-1.40877
-1.51656
-1.23046
-1.23046
-2.22997
-1.77102
-3.12812
-2.74656
-3.30917
-2.94988
-3.55612
-3.25512
-1.92523
-0.812326
-1.49635
-2.45828
-2.06765
-0.584028
-0.736111
0.629532
-0.386224
-0.986083
-1.31909
-0.539552
-1.15773
-1.15773
-1.15773
-0.395864
-2.09643
-1.06168
-0.118304
-0.118304
-1.89751
-1.98676
-2.94933
-5.55689
-5.66947
-5.37761
-5.37761
-5.40978
-4.45118
-5.27135
-6.01775
-6.01775
-5.15981
-4.51892
-4.10418
-3.77691
-3.77691
-4.4991
-2.98228
-3.0379
-2.52069
-1.56147
-2.61517
-3.02049
-2.10206
-0.993732
-0.65979
0.584465
0.51482
0.773315
0.51785
0.561349
-0.478768
0.346955
0.399316
-0.769249
-1.15921
-1.16635
-1.88292
-3.09206
-3.09206
-2.98991
-2.60775
-3.62259
-3.62259
-2.73976
-3.44238
-2.24546
-2.21098
-0.885337
0.86434
0.181017
0.181017
-0.453952
-1.38436
-2.53026
-3.34643
-2.22428
-1.69425
-1.2064
-1.50664
-1.94853
-3.15487
-3.71744
-3.43499
-1.27244
-2.0142
0.0944387
0.61144
0.640742
0.690523
1.04608
-0.0301931
0.446811
0.446811
0.446811
-0.0330184
-1.94615
-1.91233
-2.3625
-1.86461
-0.540047
-1.43471
-2.12963
-1.517
-2.63209
-0.769254
-0.769254
-1.94566
-1.94566
-1.30064
-1.10012
-1.82448
-2.66032
-2.80914
-1.19121
-0.11795
0.166878
-0.182973
-2.25354
-1.92336
-1.60914
-2.16656
-1.49132
-1.28931
-2.62196
-2.46173
-2.46173
-2.91322
-2.98545
-4.06602
-4.19982
-3.34091
-4.08295
-4.97864
-4.81783
-4.81783
-4.98976
-4.98976
-5.53747
-4.72487
-3.15364
-3.70096
-4.61058
-3.76558
-4.21435
-3.13192
-3.72
-3.28493
-2.95176
-3.17662
-3.22207
-5.25418
-4.44723
-3.95601
-4.19613
-3.94224
-3.04998
-1.7289
-2.78597
-2.78597
-4.07382
-6.33823
-4.84982
-4.84982
-4.61669
-4.61669
-4.27026
-4.27026
-3.35516
-3.35516
-3.8459
-3.94532
-2.34654
-1.81535
-0.528327
0.169515
-0.0864503
-0.427774
-0.0236072
-1.07206
-1.09823
-2.78203
-2.89004
-2.09091
-2.09091
-2.09091
-2.58386
-2.89667
-1.35351
-1.21215
-1.06728
-2.13716
-2.35764
-1.49526
-0.35706
-0.438815
-0.262094
0.828836
0.828836
0.956659
0.698791
0.793443
0.793443
0.682482
1.18177
1.18177
1.45555
1.51909
-0.107154
-0.833805
-0.0860896
0.783829
0.783829
1.73904
1.73115
1.97997
1.66436
0.907588
0.556067
-0.406856
-0.406856
-1.23847
-1.23847
-1.68992
-1.6229
-1.14068
-0.972339
-0.952844
-0.952844
-2.51727
-3.958
-3.958
-2.08372
-1.95646
-2.55081
-1.07617
-1.58617
-0.964562
-0.942063
0.103407
-0.0728345
-0.535561
-0.673313
-0.774601
-1.00306
-0.219952
-1.0031
-0.370867
-0.370867
-0.975783
-0.258171
-0.258171
0.0438474
0.0438474
0.0438474
-1.0048
-0.51445
0.00346833
2.40397
0.0188949
0.0573967
-1.04237
-1.36899
-2.576
-3.33311
-2.39723
-2.93341
-4.33428
-5.23479
-5.23479
-5.23479
-5.95435
-5.95435
-4.97814
-4.04186
-4.5091
-5.14131
-4.83196
-5.05601
-2.7264
-2.03636
-2.49719
-2.45165
-2.62015
-2.33906
-2.61889
-2.61889
-3.45639
-4.36864
-4.36864
-4.08126
-3.26298
-2.926
-3.32037
-3.96784
-4.07124
-4.87708
-4.60093
-4.59996
-4.45042
-3.33598
-3.33598
-3.33598
-3.22289
-1.8304
-2.90915
-2.28283
-2.87434
-2.87434
-3.4139
-4.05561
-3.66583
-4.35811
-4.35811
-4.09747
-4.75067
-4.58936
-4.58936
-4.63212
-3.78689
-3.78689
-2.82167
-3.61702
-4.08799
-3.14304
-4.82695
-4.01281
-3.56505
-3.56505
-2.64582
-2.06227
-2.84125
-2.23677
-2.03916
-4.5843
-4.92942
-3.6112
-3.6112
-4.35574
-4.27988
-4.42141
-4.45582
-3.71738
-3.00534
-1.54719
-0.507221
0.983465
0.983465
0.904351
0.904351
-0.170568
-2.70015
-2.15755
-1.20923
0.593351
0.53618
1.59603
1.53875
1.36625
-0.758749
-0.0636467
1.59188
0.270343
1.7667
1.7667
2.24278
0.380534
-0.767579
-0.540376
-0.635227
-0.356164
0.711706
0.711706
0.483808
0.483808
0.483808
1.27405
0.762609
-0.309071
-0.0882728
0.411354
0.453885
-1.21363
-3.29021
-3.71802
-3.57039
-2.21727
-1.74063
-0.649908
-0.649908
-2.5212
-1.8619
-2.71658
-3.4326
-3.3499
-1.59273
-1.54208
-0.984358
0.512248
1.09357
1.13373
-0.109769
-0.109769
-1.73594
-1.1157
-0.579738
-2.19506
-1.94809
-1.13869
-0.631998
-2.14394
-2.14394
-0.828076
-0.975078
-0.245716
0.159522
0.585573
-1.24697
-0.267804
-0.267804
-0.661179
-1.40049
-1.40049
-1.07322
-1.79125
-1.94958
-2.55285
-2.90504
-3.89904
-2.81665
-2.58068
-1.76059
-2.55609
-1.57611
-1.48664
-1.33209
-1.33209
-0.831153
-1.28947
-2.16461
-1.51161
-1.51161
-1.94122
-1.12403
0.376937
1.14585
0.875861
0.651883
2.50864
2.25939
2.36043
2.34096
2.34096
2.48814
2.48814
1.72644
1.04295
0.893173
0.204936
-0.175633
-0.175633
-1.79815
-1.03061
-1.03061
-2.06097
-2.33473
-1.47113
-0.655296
-2.08891
-1.44857
-2.35155
-3.49874
-3.01614
-2.96928
-3.65567
-2.86334
-3.39342
-3.34712
-1.75232
-1.7768
-1.49348
-1.46216
-2.35978
-1.95866
-0.531719
-1.01195
-1.01195
-1.01195
-1.33762
-1.34137
-1.34137
-1.149
-0.355562
-0.442185
-1.74767
-1.88069
-1.85837
-0.631818
-0.314277
-0.410048
-0.410048
-1.78993
-1.78993
-1.32022
-1.32022
-0.898455
-1.58478
-1.58478
-1.56131
-1.37863
-1.64597
-2.05005
-3.48253
-4.16694
-4.16694
-4.16694
-3.45576
-2.83279
-2.52614
-2.56531
-3.73027
-4.05879
-2.71555
-4.26966
-3.55601
-4.51951
-3.73567
-4.14163
-4.00159
-4.7097
-4.12446
-4.12446
-3.68331
-3.39495
-3.26252
-4.0539
-1.8078
-1.16255
-1.16255
-2.22215
-2.22215
-2.22215
-2.47669
-2.61969
-2.84044
-2.78895
-3.09195
-1.44907
-1.19744
-1.67818
-1.8281
-1.37794
-1.8157
-1.1742
-0.0870139
0.545931
-1.18665
-1.90358
-1.90358
-2.10664
-1.40102
-2.01861
-2.75283
-2.75283
-1.48274
-1.76843
-1.58881
-1.8562
-2.55776
-2.54927
-2.29256
-1.66336
-1.82103
-2.8083
-2.51555
-2.04681
0.46404
-1.31841
-1.85799
-2.18157
-1.44854
-1.03534
-1.0845
-2.26099
-1.69969
-1.15831
-1.06811
-1.60365
-1.26775
-0.97509
0.484503
0.323043
0.323043
0.323043
0.255003
1.15469
0.206252
-0.10851
-0.744422
-0.575631
-1.06307
-2.72729
-1.71306
-1.71306
-0.978814
-0.816607
-2.18466
-1.93171
-3.0009
-2.32735
-2.32735
-2.02359
-3.30602
-0.562642
-1.01953
-1.29881
-2.74249
-0.935738
-1.91292
-1.65118
-1.56325
-3.79193
-3.79193
-4.02021
-4.8305
-4.61766
-3.37173
-3.37173
-1.22723
-1.4876
-1.16497
-0.70676
1.11918
0.888203
1.55665
1.55665
1.55665
1.54778
1.54778
1.56578
1.15014
0.115189
-0.0861194
-2.34313
-2.38822
-2.52111
-2.24243
-3.13933
-2.2979
-1.65533
-1.99454
-0.274129
-0.274129
0.291217
0.416946
0.650596
0.650596
0.315496
0.20792
0.20792
0.690973
0.690973
-1.12876
-0.901714
-2.65164
-2.65164
-1.74741
-2.6995
-2.6995
-2.6995
-3.12489
-3.12489
-3.55126
-3.55126
-3.55126
-3.50903
-3.65513
-3.05401
-2.27755
-3.85405
-4.2868
-4.2868
-3.84918
-3.6628
-3.83003
-1.99349
-1.30024
-1.68039
-1.39484
-1.09546
-1.39661
-0.796528
-0.796518
-1.24314
-1.5853
-2.06348
-1.92625
-1.49506
0.0850824
-0.142384
-0.849715
-0.849715
-1.1754
-0.98584
-0.98584
-1.2578
-1.05388
-2.23944
-2.45273
-2.92863
-2.08392
-2.25641
-2.20598
-0.969734
-1.20857
-1.17743
-0.478559
-1.70707
-0.966015
-0.966015
-0.997979
-0.0951079
-0.0951079
-0.999873
0.579644
-1.24684
-0.293882
-1.3718
0.573659
1.57532
1.57532
1.57532
1.72569
2.34131
3.1767
3.7196
1.56762
2.30409
3.37174
2.93768
2.05283
0.213716
-0.310152
1.28817
-0.157874
-0.157874
-0.157874
-0.739467
-0.739467
-1.14134
-1.78757
-2.40866
-2.16642
-2.44545
-2.44545
-2.36315
-3.54755
-3.37862
-2.85171
-3.94807
-3.94807
-3.31732
-2.89067
-2.89067
-2.34207
-1.52284
-2.45635
-1.68493
-2.02628
-2.94933
-2.94933
-3.03773
-2.34655
-5.34687
-5.93867
-4.39386
-4.11778
-4.11778
-2.35368
-3.05128
-3.05128
-3.72897
-2.70137
-1.0052
0.631901
0.631901
0.883616
0.883616
0.883616
0.900261
0.900261
-0.227782
0.844184
0.844184
0.844184
0.313661
0.313661
-0.94514
-2.9474
-3.50885
-2.00302
-1.53872
-3.25616
-3.34918
-2.5136
-2.97073
-2.04436
-3.15329
-4.4804
-4.4804
-4.4804
-4.76173
-4.76173
-4.72129
-5.45561
-6.3941
-7.04113
-6.72921
-6.01415
-6.01415
-5.05501
-5.05501
-3.28275
-2.76639
-3.45548
-4.54982
-4.51765
-5.1112
-3.90232
-3.90645
-5.14411
-5.14411
-5.23221
-4.51681
-3.92879
-5.01353
-4.97405
-3.99124
-3.99124
-3.47134
-3.75676
-5.02843
-4.77566
-4.54808
-5.36029
-4.86488
-5.24375
-5.2103
-5.2103
-5.13631
-5.13631
-5.25129
-4.2908
-3.29386
-3.58767
-3.43253
-2.49623
-2.00472
-1.67199
-0.496153
-0.474283
-0.436572
0.493753
-1.57464
-0.49249
0.533137
-1.64366
-1.4322
-1.4322
-1.52787
-1.52787
-1.67738
-3.13466
-3.40327
-3.37327
-3.85546
-3.85546
-2.99399
-2.39843
-1.98586
-2.27528
-1.94145
-1.94145
-3.61503
-3.27876
-1.95434
-1.31256
-1.31999
-3.04536
-3.04536
-3.21223
-3.02773
-4.255
-4.255
-4.80489
-4.80489
-4.80489
-5.04848
-5.18362
-5.18362
-5.18362
-4.2394
-4.29576
-4.36257
-3.51323
-3.51323
-4.52733
-4.06664
-4.06664
-3.5458
-3.01637
-1.35246
-1.56779
-0.0665849
0.015088
-0.7119
0.702244
-0.397091
-0.370155
-0.688708
-0.920839
-1.52537
-2.64303
-3.53586
-4.03971
-3.30493
-3.30493
-2.3202
-1.27406
-1.42049
-2.65489
-1.95105
-1.95105
-1.8503
-1.96114
-1.96114
-3.30832
-1.8263
-2.58507
-2.58507
-2.48251
-2.17791
-1.65935
-0.926978
0.447149
-1.03982
-1.03982
-1.21314
-0.709279
-2.37909
-1.92905
-2.90654
-2.61578
-2.33653
-1.795
-1.97071
-3.11878
-3.10861
-2.55532
-1.60536
-1.60536
-2.89028
-4.36043
-4.90664
-4.59662
-3.89007
-4.68844
-4.98879
-4.05895
-2.74762
-2.74762
-4.39126
-4.39126
-4.54163
-3.99785
-2.5907
-2.68469
-4.11942
-3.51263
-2.62792
-1.86806
-1.40819
-2.14637
-3.39114
-4.44743
-4.33399
-4.11113
-2.85358
-2.27985
-2.27985
-2.64833
-1.08566
-2.67375
-1.65032
-3.04576
-3.69689
-2.31686
-3.02297
-1.85133
-1.48877
0.0251346
0.725877
0.285656
0.285656
0.517013
0.990577
0.0500992
0.225113
-0.775865
-1.10932
-0.390677
-0.339644
0.966689
-0.645809
-2.32718
-3.1683
-2.29492
-1.36759
-1.53331
-2.06149
-0.230415
-0.230415
-0.230415
-1.31333
-2.59219
-2.60378
-2.10296
-3.06027
-3.06027
-1.58544
-1.58544
-2.20821
-2.20821
-2.95207
-2.95207
-3.25379
-2.79893
-3.62548
-2.37133
-2.43569
-3.26472
-1.49369
-1.49369
-1.42254
-2.47618
-1.92876
-3.1228
-3.1228
-1.49683
-0.777714
-1.27442
-3.50568
-3.82314
-3.82314
-3.46213
-3.20511
-3.47218
-3.04528
-4.88362
-2.6664
-2.27583
-1.90021
-1.7962
-3.31477
-3.31477
-3.00173
-2.13645
-3.05948
-3.05948
-3.05948
-2.83803
-3.71599
-3.56394
-3.149
-3.70471
-3.7472
-3.5501
-3.5501
-3.66092
-3.48791
-2.98111
-3.2308
-4.4641
-5.75898
-5.25865
-5.25865
-4.15944
-4.15944
-4.71636
-4.70765
-4.56821
-4.93307
-4.74721
-4.331
-4.973
-3.73211
-3.19674
-3.92141
-3.52698
-2.48041
-2.18451
-1.36894
-1.05365
-1.60089
-1.60089
-1.60089
-1.39662
-1.66498
-1.66692
-1.66692
-2.82423
-4.92361
-5.50266
-5.28915
-5.28915
-4.93055
-2.94263
-4.17
-5.05475
-4.23416
-2.95157
-1.90223
-2.73069
-2.73069
-4.67907
-4.25976
-3.94395
-2.06571
-2.30834
-2.13493
-2.18891
-1.85509
-1.36012
-0.395804
0.777959
0.27517
-0.833586
-2.47742
-2.67467
-2.16667
-1.99039
-0.962851
-1.43651
-1.43918
-1.47208
-3.14029
-1.19765
-1.16348
-1.47617
-0.947149
-1.70983
-1.30862
-1.91252
-2.05315
-3.1102
-3.33242
-3.33612
-3.51608
-3.51608
-3.31467
-4.7056
-4.69012
-4.69012
-5.53869
-4.81612
-4.81612
-3.06625
-1.57218
-2.36402
-2.36402
-1.64484
-1.64484
-2.6214
-1.45116
-1.57715
-1.81735
-1.30367
0.227976
-0.247208
-1.48632
-1.28707
-1.47106
-0.911852
-0.506148
0.353296
0.353296
-0.852901
-0.0373166
-1.04471
0.23405
-0.0974826
-0.0974826
-1.15655
-1.6862
-0.978144
-1.5989
-1.29253
-2.64555
-1.79586
-1.52618
-1.36198
-1.36069
-0.178569
0.421158
-1.93703
-1.68788
-2.52394
-2.95355
-3.11334
-2.33568
-2.23481
-2.62238
-2.55535
-0.721043
-0.721043
-0.721043
-1.02736
0.626575
1.09764
0.621413
0.621413
0.911568
-0.512419
-1.58295
-1.77796
-1.77796
-1.55099
-0.25878
1.06424
0.438377
-0.016349
-0.698204
-1.42517
-1.3066
0.660033
0.772398
1.41325
1.0593
1.07391
-0.470263
-0.532189
-0.532189
0.176023
0.655868
0.724983
1.35304
1.35304
1.35304
1.35304
1.58595
1.94262
2.32798
2.56747
2.2126
2.2126
2.08839
1.69182
1.05143
2.4247
0.366283
0.0657659
0.58103
0.352565
0.580785
-0.15898
0.0345542
-0.719622
-0.719622
-2.16158
-3.36577
-3.24716
-3.59835
-3.69743
-3.65059
-1.83887
-0.952062
-0.970136
-1.72379
-1.72379
-2.15788
-1.58638
-2.58148
-2.58148
-3.3591
-3.3591
-2.45673
-2.45673
-3.31337
-2.54313
-3.13891
-1.74328
-2.95949
-3.1192
-3.78874
-3.78874
-3.78874
-3.12226
-3.20824
-2.96881
-3.87112
-4.41076
-3.71006
-3.05869
-2.07799
-1.89591
-1.68167
-2.29511
-2.44096
-1.87394
-0.80106
-0.571277
-0.7025
0.230767
-0.613475
-1.22818
-1.22818
-1.94942
-2.78324
-2.84661
-2.52565
-2.52565
-2.56939
-1.77744
-1.77744
-2.40452
-2.44274
-2.44274
-2.06686
-1.95543
-1.99369
-1.81131
-3.52812
-3.52812
-3.80389
-4.68674
-3.08029
-2.53448
-2.53448
-2.69843
-2.57454
-0.536846
-0.374209
-1.55721
-2.2718
0.0593943
0.837846
0.79902
0.473911
0.255182
1.05866
2.48988
3.10731
3.10731
1.63013
-0.409696
0.544282
1.45061
1.68284
0.259779
0.747042
-0.0189129
-0.253642
-0.253642
-0.990975
-2.02984
-1.59341
-3.34594
-2.81582
-3.49235
-3.3008
-1.40366
-1.08683
-0.0876944
-0.429682
-0.188422
-0.511833
-0.0253089
0.0803135
0.880778
-1.35637
-1.96712
-2.93204
-2.68131
-2.68131
-2.68131
-2.57663
-1.04005
-0.4853
-1.1546
-1.24195
-1.86937
-1.32738
-1.32738
-1.49135
-2.49047
-3.10747
-2.94138
-4.01355
-3.85518
-3.02129
-3.02129
-3.15127
-3.86399
-3.00418
-3.01734
-0.696044
-0.696044
0.605013
-0.240816
-0.240816
-0.911465
-1.20581
-1.20581
-1.3297
-1.047
0.624076
1.53674
1.04932
1.04932
0.699457
1.10895
1.15973
1.15973
2.65936
2.65936
2.41284
1.47957
1.59249
1.01467
-0.0571273
-0.0571273
1.23985
2.07986
1.93729
0.0710726
-1.03019
0.439924
0.416569
-1.2221
1.13864
2.27754
2.34563
1.94226
1.04992
0.882914
1.34512
1.34512
0.849782
0.089743
-0.91009
-0.599958
-0.901145
-0.27957
-0.470991
-0.120373
-1.06951
-0.332585
-0.0581837
0.812077
-0.205091
-0.718268
-2.59955
-1.5748
-1.28071
-1.07893
-2.30271
-2.36639
-2.76081
-1.66259
-2.15649
-2.15649
-3.45194
-2.45561
-1.8532
-2.51488
-3.44429
-2.75346
-1.11942
-2.35795
-1.22284
-0.505841
-1.02111
-0.473177
-2.07694
-1.83253
-2.28133
-0.419998
0.016842
-1.23487
-1.50566
-1.3787
-1.69679
-3.06019
-4.31787
-3.18456
-1.55134
-0.391682
-0.371942
1.14565
1.33098
1.54134
1.54134
1.32879
0.978833
1.12273
0.462597
-0.338101
-0.918448
-1.43689
-1.75464
-1.8977
-2.45611
-2.45611
-2.45925
-1.58455
-1.97689
-3.16202
-3.60401
-1.32028
0.100021
-0.213306
-2.12358
-1.56969
-1.568
0.0413808
0.0413808
-1.44857
-1.43472
-1.96507
-3.78904
-3.75816
-3.75816
-3.29518
-2.57044
-1.59592
-0.990835
-1.12245
-0.434824
-1.65424
-2.20932
-0.652088
-1.18394
-1.18394
-2.686
-2.46139
-3.29129
-2.82586
-2.62534
-2.50723
-1.38296
-0.347393
-0.706056
0.0494828
0.164782
0.549638
1.38125
1.57362
1.27584
1.03186
-0.592528
-0.592528
0.294971
0.00605075
-0.750207
-0.750207
-0.903187
-0.903187
0.207904
-0.208364
-1.36677
-0.709175
-2.14761
-3.27061
-2.97518
-2.58534
-1.31813
-1.47383
-1.71123
-2.59172
-1.47691
-2.4407
-0.758357
-2.6871
-1.9906
-0.917808
-2.4227
-2.9193
-2.7775
-3.63711
-5.19329
-3.84501
-2.01945
-2.0096
-1.12536
-2.44406
-1.91565
-1.92112
-0.235729
-0.724273
-2.09879
-2.63782
-2.21273
-2.53165
-0.921914
-1.80009
-2.79261
-2.79261
-2.7992
-3.94048
-3.70822
-3.24224
-3.20481
-2.90619
-2.90619
-1.57633
-1.57633
-1.34049
-2.93379
-2.93994
-2.93994
-3.02202
-1.89556
-1.44675
-0.341748
-0.253992
-0.203349
-0.237826
0.125347
0.125347
0.125347
0.504093
-0.195163
-0.375658
0.268453
0.816221
-0.128987
0.729881
1.11815
2.15423
2.0526
2.24857
2.24857
3.33291
4.82614
5.57418
4.71595
4.71595
4.71595
4.48585
4.48585
4.48585
4.48585
4.48585
4.14709
4.28874
1.92903
1.87264
1.97149
2.92484
2.92484
2.34705
2.08915
2.08915
2.08915
2.08915
2.08915
1.29925
1.29925
-0.220409
-0.979217
-2.85847
-2.91393
-2.76574
-3.77585
-2.63978
-1.16539
-1.16539
-1.72128
-2.37846
-2.37846
-2.58089
-2.44859
-1.05886
-1.85317
-1.81221
-3.08162
-2.08352
-1.44305
-0.111983
-0.791255
-1.43654
-2.91388
-3.02027
-3.02027
-3.34465
-4.43217
-3.96973
-4.2482
-3.02513
-2.7384
-3.70351
-3.63081
-4.92414
-5.05863
-4.40988
-4.40988
-4.54642
-4.54642
-4.01166
-4.41218
-4.07226
-3.06836
-0.984226
-2.44775
-2.28175
-2.09559
-2.09559
-1.46642
-1.5484
-2.69587
-2.32729
-2.32729
-2.53332
-0.486327
0.150798
0.727463
0.271955
0.44157
-0.164461
-0.164461
-0.164461
-0.164461
0.115771
1.55301
1.19585
1.04739
1.36051
1.83162
1.83162
1.33919
0.468639
-0.214419
0.152678
1.76992
0.669214
-0.281754
0.683468
0.683468
-0.694794
-0.695368
0.631149
-0.313057
-3.76008
-4.2066
-3.00017
-3.04628
-3.27833
-3.27833
-3.65659
-3.14519
-3.19287
-2.80079
-2.28036
-1.14081
-0.554427
-0.554427
1.45222
1.52765
1.13206
0.397784
0.397784
0.397784
0.968833
0.568776
-0.465782
-0.230035
-0.230035
-0.230035
-1.44193
-1.44889
-3.0584
-2.56775
-2.56775
-3.65062
-3.18345
-2.39592
-2.68743
-2.52034
-2.88632
-5.57735
-5.57735
-6.06316
-6.89621
-6.90426
-7.71231
-7.37367
-7.39406
-7.39406
-7.17424
-6.72323
-5.86128
-4.39628
-5.57524
-4.65544
-4.54129
-4.3799
-4.07209
-4.25598
-4.98714
-4.47315
-4.47315
-4.47315
-4.4516
-4.59696
-4.06057
-4.06057
-4.29683
-4.22784
-4.04683
-4.04683
-3.55532
-3.8807
-2.07299
-1.23922
-1.23922
-0.883141
-2.90303
-2.37978
-2.37978
-2.0639
-2.67959
-3.51349
-3.51349
-2.65718
-2.36999
-3.14981
-3.19881
-3.19881
-3.20993
-3.20993
-3.38685
-1.5475
-1.62677
-0.946722
-0.903269
-1.14848
-1.58632
-2.07152
-2.43918
-2.17267
-1.81703
-0.358139
-0.358139
-1.14722
-1.24636
-0.91926
-1.54376
-1.66681
-2.55785
-3.16832
-3.66189
-4.1759
-4.10695
-3.02863
-2.24035
-3.09768
-2.26377
-2.26377
-3.00335
-2.75417
-2.16334
-2.40034
-2.1752
0.0636223
0.216208
0.227697
0.241892
0.92692
0.306194
0.156037
1.50477
1.83086
1.83086
1.83086
1.0618
-0.0871102
0.204613
0.609409
-1.41994
-1.01511
0.120308
1.29285
1.29285
0.253941
0.270324
0.270324
0.270324
0.422415
1.39965
2.84675
3.30232
2.84448
2.57899
2.57899
2.57899
0.564139
0.0815001
-0.0442536
0.417697
0.417697
-0.53043
-1.53907
-1.10558
0.928868
0.697221
-0.0316966
-0.760933
-1.44139
-2.43438
-2.43438
-2.81949
-2.14498
-2.14498
-2.8355
-3.13765
-3.07362
-2.96876
-3.64774
-2.85593
-2.18047
-1.12603
-1.2956
-0.303898
-1.34187
-2.71168
-2.07347
-2.3495
-1.14421
-0.884618
-0.884618
-2.10679
-3.13255
-2.6282
-2.6282
-2.47462
-3.23284
-3.23284
-2.83658
-2.83658
-1.87565
-1.96987
-2.94067
-3.12563
-4.59765
-4.59765
-3.81081
-1.77586
-1.44416
-2.52972
-4.5198
-5.07918
-4.47451
-4.08303
-4.08303
-3.79757
-5.5714
-6.3319
-5.84016
-5.84016
-6.39883
-6.38428
-6.38428
-5.10817
-4.91928
-5.82601
-5.95647
-5.95647
-5.20496
-5.20496
-5.20496
-5.20496
-3.68414
-3.68414
-2.58433
-2.44387
-2.29811
-0.390795
-1.49299
-1.51983
-1.92418
-0.189526
0.00714429
-0.419858
-1.55834
-2.61557
-3.10795
-1.8446
-2.34652
-3.19937
-3.25267
-4.15452
-4.12632
-2.649
-3.1864
-2.1722
-1.51135
-1.0832
0.701221
0.212532
0.349441
1.21187
1.80556
1.80556
0.0133201
-0.0198328
-1.64844
-2.15324
-2.45094
-2.45094
-1.43846
-2.62452
-3.49794
-3.49794
-3.54318
-3.54318
-3.25177
-2.00454
-1.94844
-1.54791
-2.78554
-2.81608
-2.81608
-3.34125
-2.73802
-2.73802
-2.73802
-2.88351
-4.45341
-3.95399
-3.72031
-4.25929
-4.25929
-4.26837
-4.53435
-4.25294
-5.50108
-3.69494
-3.12424
-1.46963
-1.46963
-4.35244
-4.35244
-4.93204
-4.01073
-4.09
-3.87293
-3.87293
-3.2129
-3.2129
-2.86647
-2.43703
-1.03949
-0.896891
-1.10355
-1.73804
-2.04427
-2.04427
0.312
1.15688
1.2246
0.451344
-0.280537
-1.02041
-1.16999
-0.470218
-0.470218
-1.76967
-3.44468
-2.15636
-2.96491
-2.75383
-0.490433
-1.85503
-2.34593
-1.87549
-1.79039
-0.510605
-0.691242
-2.74464
-2.09444
-1.13671
0.415143
-1.39566
-1.24671
0.0187231
-1.68518
-1.68518
-2.8932
-2.8932
-1.16423
-2.14594
-2.32294
-1.36085
-1.36085
-1.30621
0.203787
1.53902
-0.216995
0.268151
0.268151
-0.575588
-0.575588
-2.03532
-2.7186
-3.29139
-2.04936
-1.7004
-2.30859
-2.82397
-2.61527
-2.26159
-1.70168
-0.370197
0.300736
-1.07598
-0.893962
-1.42197
-2.02575
-3.3155
-3.3155
-2.38835
-2.38835
-1.76145
-1.26636
-1.26636
-0.229383
-0.768107
-0.768107
-1.30574
-1.33061
-1.80083
-2.87577
-3.6126
-3.43836
-4.73106
-3.53518
-3.00483
-2.87021
-3.32343
-3.22366
-2.63108
-3.70634
-3.5874
-4.03476
-3.86551
-2.11058
-2.18628
-2.49981
-3.73048
-3.63719
-4.16819
-2.78018
-2.89397
-3.77111
-3.77111
-3.72368
-3.05317
-3.61249
-4.21312
-4.76346
-4.24046
-5.14951
-5.14951
-5.42208
-5.42208
-5.20588
-5.20588
-3.28301
-3.28301
-3.17976
-4.16658
-3.43183
-2.47649
-1.79969
-2.08571
-2.08571
-2.66936
-3.70718
-3.64345
-3.84826
-3.49278
-3.49278
-3.37335
-3.72395
-3.92262
-5.50879
-5.50879
-4.67378
-4.67378
-4.67378
-4.67378
-5.30999
-5.59543
-6.25253
-7.9906
-7.9906
-7.9906
-7.65117
-6.49766
-6.49766
-5.81933
-5.89878
-5.69411
-5.03793
-4.69301
-4.44911
-3.51325
-2.24804
-0.632809
-0.0878281
0.980301
-0.0199239
-1.80611
0.4191
1.76239
1.76239
0.610242
1.64937
2.18059
2.28086
2.37156
2.37156
2.90032
2.90032
1.15975
0.424592
0.424592
0.263404
-0.90895
-0.304983
-0.681193
-0.681193
-0.0545358
0.344027
0.451235
-0.806116
0.0118057
-0.385027
-0.406013
-0.789014
-0.789014
-0.985891
-0.985891
-0.985891
0.645413
-0.697827
-0.697827
-1.22902
-1.05082
-1.05082
-0.97253
-0.941649
-0.0580768
-0.594315
-2.3455
-1.28686
-1.00975
-2.20094
-0.631465
-1.51366
-2.5342
-2.06069
-1.77327
-1.42876
-2.58222
-3.05527
-3.98414
-3.87917
-3.40433
-3.40433
-2.46008
-4.20629
-4.14621
-4.62261
-4.62078
-6.1535
-5.64583
-6.40948
-7.57591
-7.57591
-7.35456
-7.6011
-7.63077
-6.8025
-6.85756
-5.3459
-5.63521
-3.24604
-4.00892
-3.795
-3.795
-4.22002
-4.30139
-2.4629
-2.35868
-0.497131
-0.674253
-3.66925
-2.85434
-2.85434
-2.00606
-1.64127
-1.77594
0.364981
-0.162185
0.136391
0.277164
0.485901
-0.68022
-0.976996
-0.517185
-0.462823
0.212791
0.612205
-0.149426
-0.149426
-0.506684
-1.30186
-0.799387
-0.890691
-0.762535
-1.74843
-1.74843
-0.952879
-0.0999902
-1.39362
-1.39362
-2.41544
-2.63164
-2.94782
-2.18732
-2.2903
-1.38505
-1.56007
-0.540469
-0.753353
-1.61391
-0.175738
-1.46635
0.219243
-0.629446
-0.629446
-0.874698
-1.13692
-1.07728
-0.0612019
-0.508094
-0.872997
0.428414
0.616327
0.509791
0.509791
0.509791
0.34706
0.252044
0.598306
0.598306
-0.382285
-0.374056
-0.228684
0.110825
0.853019
2.20384
2.20384
2.20384
2.64818
2.64818
0.902609
0.353429
-0.988157
-1.08752
-2.33324
-2.66982
-3.07685
-2.74751
-1.85839
-2.00142
-3.25167
-4.0951
-4.16387
-4.5445
-3.19642
-2.55165
-1.83798
-1.47539
-3.02364
-2.6416
-2.47479
-3.33309
-3.98884
-3.98884
-2.71232
-2.71232
-2.41908
-1.4786
-1.69545
-2.43953
-3.21378
-3.21378
-2.22939
-2.57321
-2.6083
-2.19242
-1.67702
-2.7242
-2.32783
-2.37027
-1.96049
-0.4817
-0.61994
-1.08158
-1.32439
0.682814
0.494196
0.494196
0.494196
0.494196
1.55515
1.55515
0.897721
0.52216
0.25604
-0.145658
-0.145658
-0.253062
-0.253062
-0.253062
-0.618743
-0.753941
-2.40001
-3.39525
-4.11147
-3.76788
-3.94235
-4.63253
-4.71826
-5.38826
-5.71306
-4.94578
-4.94578
-5.12216
-5.12216
-5.12216
-5.12216
-3.62098
-2.85434
-3.36276
-1.43298
-1.69483
-3.12072
-3.33499
-3.33499
-2.74458
-2.60516
-1.41852
-2.80116
-3.1718
-4.61088
-4.21682
-4.21518
-3.00196
-3.08951
-3.73984
-3.73984
-3.62056
-2.91493
-3.96556
-3.31681
-3.49431
-2.43525
-3.86211
-4.05986
-2.42193
-1.57499
-1.57499
-1.70472
-1.06282
-1.06282
-0.402286
-0.749216
-0.973969
-1.28813
-0.983308
-0.41227
0.872779
1.27998
1.27998
0.431257
-0.240932
0.122228
-0.110033
-0.444935
-0.444935
0.017826
0.0438234
0.0438234
-0.636422
-0.706924
-0.706924
-1.67097
-3.72628
-3.72628
-3.72628
-2.13355
-2.06202
-1.30717
-1.90288
-2.34493
-1.67701
-3.19056
-3.19056
-1.66676
-1.72732
-2.67154
-2.25949
-3.03837
-3.08339
-3.08339
-2.47661
-3.63754
-3.63754
-3.63754
-3.88907
-3.47822
-3.47822
-3.23548
-2.74252
-2.54153
-3.16134
-2.49599
-2.92457
-4.09763
-4.09763
-2.90352
-2.90352
-2.90352
-2.52434
-0.592444
-0.971456
-1.05646
-1.13006
0.0122433
1.1954
0.237245
0.848122
0.5634
-0.350789
-1.59283
-0.761857
0.0877184
1.13242
-0.782472
1.0277
1.0277
0.942952
0.942952
-0.028289
-1.79679
-1.79679
-2.23439
-1.28258
-1.2541
-2.88415
-1.71624
0.40279
0.975945
-0.295207
0.0295391
-1.64373
-2.66295
-1.41425
-1.41736
-0.844686
-1.86688
-2.35848
-2.39558
-3.7612
-3.23283
-4.21785
-4.21785
-4.21785
-3.00801
-4.29265
-3.66371
-3.16836
-2.99933
-1.29767
-1.29767
-0.134379
-0.134379
0.912195
1.08955
0.392038
0.478096
-0.810256
-1.38831
-2.33611
-1.96219
-0.985846
-1.02501
-1.1761
-1.06331
-1.92129
-3.03793
-1.99101
-1.61589
-1.32855
-1.37966
-2.36086
-2.62695
-2.92468
-3.07526
-1.77918
-2.88706
-4.35426
-3.77059
-4.03058
-4.88691
-5.39249
-5.39249
-5.87247
-5.87247
-5.67508
-5.05025
-5.36293
-4.04572
-3.72326
-3.06012
-3.8569
-3.26892
-3.50693
-3.48347
-2.30121
-1.69874
-0.486991
-0.929244
-0.0587089
-0.21776
-0.21776
-0.258697
0.0732522
0.318021
-0.862812
-1.24099
-0.681512
-1.09646
-1.09646
-2.78135
-3.12539
-3.56006
-2.00509
-1.4131
-1.40552
-0.736845
-0.736845
-0.226316
-0.466501
-0.466501
-1.39881
-1.65448
-2.76752
-2.57894
-3.30716
-2.95807
-2.95807
-2.95807
-2.52017
-3.51219
-3.49856
-4.62306
-4.32502
-4.63933
-3.54836
-3.54836
-2.842
-2.842
-2.842
-4.11651
-4.40557
-3.7897
-3.7897
-3.85245
-4.0005
-5.36727
-4.4893
-4.41233
-4.26373
-4.26373
-3.8331
-3.8331
-3.38547
-2.19214
-2.28324
-1.27984
-0.80359
-0.888298
-0.0610002
-0.321749
-0.321749
0.328742
1.04247
1.67503
2.81343
2.00343
0.653638
0.653638
2.32402
2.12781
1.32318
0.507874
0.0671471
0.0671471
-0.929792
-0.517235
-0.376076
-0.376076
-0.376076
-0.821737
-1.14662
-1.75253
-1.75253
-2.57133
-1.82844
-1.86418
-1.86418
-2.30018
-2.57741
-1.24949
-0.719633
-1.49315
-1.69681
-1.95061
-1.90388
-1.82768
-0.033199
-0.033199
-2.17992
-1.70439
-1.15509
-3.03867
-3.86188
-5.00469
-5.00469
-4.75584
-3.66038
-3.75618
-4.16877
-4.03266
-4.03266
-3.92021
-3.92021
-3.75862
-3.75862
-3.75862
-2.45449
-3.12306
-3.72169
-3.28907
-3.31036
-4.0189
-3.52747
-3.08007
-2.02472
-2.46733
-1.09755
0.0212932
-0.516292
-0.65916
-0.65916
-0.899865
-2.05226
-1.43161
-1.94725
-1.97088
-0.789706
-0.0284714
-0.109684
0.730809
0.708025
0.272581
0.604052
-0.70058
-0.715567
-0.238381
-0.431314
-0.228492
-0.228492
-1.66071
-2.83714
-3.46422
-3.46422
-4.86439
-4.04608
-2.16594
-1.40548
-1.40548
-1.40548
-1.90371
-1.28276
-2.33
-1.81856
-1.66488
-1.62877
-0.509354
-2.80173
-2.85183
-3.00651
-2.65981
-0.848365
-2.75746
-3.12652
-1.81342
-1.32328
-2.3107
-3.22748
-3.70213
-3.79677
-2.27319
-2.5748
-4.09479
-3.75161
-3.31657
-3.07737
-2.56242
-2.48388
-2.23991
-1.81449
-1.81449
-2.70665
-4.20567
-5.37241
-5.28311
-6.47058
-6.27837
-7.30239
-7.30239
-6.17332
-4.10468
-4.31706
-3.67123
-3.67123
-4.93096
-4.47556
-4.47556
-4.27541
-2.33575
-3.79013
-4.6967
-4.6967
-4.70272
-5.75192
-5.73574
-5.73574
-5.73574
-5.73574
-5.73574
-5.64576
-4.64079
-3.80437
-3.80437
-2.18782
-2.31029
-1.85651
-2.25715
-3.37568
-1.65137
-1.76522
-0.682409
-0.545699
-0.103172
-0.497994
-0.889282
-2.77091
-1.62863
-1.79001
-2.48964
-2.48964
-2.40181
-3.07463
-3.07463
-3.76133
-5.25197
-5.70182
-4.87085
-4.87085
-2.49008
-3.78319
-3.78319
-1.96278
-1.28455
-0.715001
-0.742731
-0.742731
-0.675803
-2.08961
-2.08961
-1.25644
-1.25644
-0.633323
0.864447
0.2116
-1.2324
-2.99093
-3.22039
-4.16346
-4.16346
-3.47074
-2.78632
-2.78632
-2.72965
-2.87125
-2.87125
-2.87125
-1.97657
-2.80509
-3.25991
-3.25991
-3.07032
-5.22207
-4.30254
-2.83169
-3.05939
-4.41613
-4.41613
-3.31408
-2.96879
-2.03199
-2.31279
-1.96688
-3.08507
-3.83031
-3.2495
-3.40676
-2.56918
-3.40112
-1.39875
-2.29356
-1.31854
-1.86157
-1.59841
-1.87738
-0.960303
-1.29677
-2.18732
-1.10608
-0.354685
0.294289
-0.18507
0.0950461
1.42156
-0.198434
0.249983
0.244096
0.583003
0.601819
0.131312
0.143781
1.05481
0.964519
0.964519
0.964519
0.964519
0.380884
0.180645
0.667805
0.119771
0.119771
-0.0111536
-1.17583
-0.680738
-1.4654
0.0414382
0.556205
0.574716
0.832562
0.343866
-0.129363
-1.06832
-0.609339
-0.714213
-0.714213
-0.694756
-3.62373
-3.62373
-3.62373
-3.23614
-3.11069
-2.81346
-2.94736
-3.12842
-1.58677
-2.04367
-2.73747
-3.45417
-3.39655
-2.81633
-2.17915
-2.17915
-2.59139
-3.93172
-4.42752
-4.42752
-2.43624
-2.13494
-2.96732
-2.41721
-3.51946
-2.19365
-2.19365
-1.98198
-1.98198
-1.22046
0.376255
-0.533427
-1.08511
-1.39796
-1.39796
-2.26314
-1.65856
-0.543511
-0.988114
-0.511123
-1.77968
-2.32947
-2.79432
-1.94035
-1.87208
-2.62794
-2.35588
-2.72813
-3.90806
-5.73865
-6.04657
-6.50531
-6.31303
-6.31303
-6.31303
-5.87416
-5.06715
-3.35706
-3.56887
-5.86437
-5.86437
-5.47576
-5.47576
-5.47576
-4.76317
-5.56562
-4.77705
-5.24332
-5.48676
-6.48473
-6.48473
-6.48473
-6.41838
-6.41838
-6.41838
-5.85651
-5.85651
-5.04744
-4.68966
-4.92066
-5.01769
-4.38832
-1.70155
-3.07836
-3.40035
-3.46435
-3.46435
-2.62866
-2.09606
-2.79308
-2.79308
-2.11488
-1.17643
0.647305
0.647305
-1.03487
-1.50956
-1.62284
-1.25371
-1.93905
-1.51163
-1.75663
-1.61452
-2.68592
-1.92752
-0.659088
-0.659088
-1.23091
-1.28879
-1.28879
-1.28879
-1.78274
-3.23765
-3.16488
-3.16488
-3.16322
-1.72131
0.850095
1.29448
0.201733
-0.714279
-0.4039
-0.4039
0.199042
0.383883
-0.481025
-1.41492
-2.61287
-2.19606
-2.21488
-2.48758
-1.60742
-2.39421
-1.89762
0.300826
-0.419821
-0.288399
-0.625864
-2.50825
-2.22774
-2.01319
-0.497857
-1.91743
-1.74754
-1.48879
-0.0275498
-0.0275498
-0.880091
-0.881298
-1.43787
-0.654447
-0.381313
-0.803297
-1.06583
-0.780904
-0.710589
-0.769993
-0.769993
-3.06525
-1.22423
-0.951652
-0.173953
-0.173953
-0.888532
-1.39784
-2.69873
-2.50992
-2.52975
-2.44781
-1.60547
-1.16932
-2.38771
-1.56776
-2.31546
-3.19965
-3.1004
-3.1004
-3.94339
-5.18765
-3.11969
-2.47645
-2.01888
-2.88952
-1.15088
-1.45982
-3.30918
-3.30918
-4.20369
-4.20369
-4.20369
-4.20369
-5.46083
-5.12088
-5.213
-5.57542
-5.24105
-5.24105
-5.24105
-4.37311
-5.63393
-5.36896
-5.4467
-5.20126
-5.17093
-5.73076
-5.35698
-5.64789
-5.64789
-5.39364
-4.95572
-4.35331
-5.68351
-6.06959
-5.29553
-4.04992
-4.04992
-2.76397
-1.80762
-1.75818
-2.75102
-2.22347
-3.48864
-2.43199
-2.2031
-1.49279
-1.49279
-1.18776
-2.62419
-3.0866
-1.86021
-4.29669
-3.66806
-3.66806
-2.66584
-2.69233
-2.05455
-2.31118
-3.02539
-4.25541
-2.74743
-1.38766
-1.86421
-2.18143
-2.65502
-2.65502
-2.71248
-2.20616
-2.91331
-1.66837
-0.504289
-0.882823
-0.882823
-1.47506
-1.90589
-0.594685
-0.154067
-0.211252
-0.197286
-2.29395
-2.29395
-2.50454
-2.14476
-2.52979
-4.42714
-3.95489
-3.12634
-1.68914
-0.707408
0.189483
-1.14593
-1.14593
-0.200447
-0.958519
-1.25616
-1.37943
-0.379722
0.286904
0.463618
0.364945
-0.0889151
1.35358
0.346357
-0.709862
-1.59287
-1.48278
0.0522164
0.391477
-1.27953
-2.24762
-3.45918
-1.77108
-1.77108
-2.8604
-1.61147
-1.89782
-1.21936
-1.43147
-0.567142
-1.17898
-1.88964
-1.32637
-1.34184
-1.03793
0.319874
-1.02731
-1.38185
-2.37517
-1.10345
-0.830166
-0.802751
0.265838
0.265838
0.265838
0.0770901
-1.10114
-2.72127
-1.24082
-1.64095
-2.62552
-2.80346
-2.64419
-1.19407
-1.57557
-2.58921
-1.57658
-0.45956
-0.595211
-0.655449
-0.400647
-0.580611
-0.392206
-0.150507
-1.14351
-0.429197
-0.931886
-1.26226
-2.43484
-2.86529
-2.91669
-3.30072
-2.35365
-1.49828
-1.15637
-3.14964
-2.29821
-2.29821
-2.59378
-2.59378
-2.03219
-3.22152
-3.88519
-4.01218
-4.74128
-4.74128
-4.23901
-4.32717
-3.0713
-3.81523
-2.82478
-4.24809
-4.06028
-1.71786
-3.13513
-3.13513
-2.98053
-2.62783
-1.61236
-1.70504
-2.51476
-3.23124
-4.46799
-4.46799
-3.59904
-3.936
-3.936
-4.66301
-5.0298
-5.32056
-5.57348
-4.47341
-4.47341
-4.78412
-3.75744
-2.55409
-2.13988
-2.13988
-1.10993
-1.10993
-2.2808
-1.8915
-1.79333
-0.460938
-0.1915
-0.1915
-1.98838
-1.99776
-2.59866
-3.08645
-2.38309
-1.66171
-1.8288
-1.04297
-1.04297
-0.63227
-0.63227
-1.34204
-1.40715
-2.33438
-3.18681
-2.76981
-3.14459
-3.62726
-5.12798
-5.27027
-4.34242
-5.91653
-5.91653
-5.24034
-7.12943
-6.40966
-6.40966
-5.96859
-6.94736
-6.74769
-6.73711
-6.73711
-7.09502
-6.8366
-6.8366
-6.36637
-5.38384
-5.19856
-4.9633
-7.9199
-8.56209
-8.37701
-8.07745
-7.67544
-7.93433
-7.45454
-7.85049
-7.66212
-7.22013
-5.24316
-5.24316
-6.5766
-6.5766
-5.67828
-5.73697
-6.8951
-6.97661
-6.97661
-6.97661
-6.97661
-7.00566
-5.40747
-5.42393
-5.42393
-5.42393
-5.28845
-5.28845
-4.51847
-5.31542
-5.304
-5.30462
-4.9127
-4.9127
-4.4919
-4.34173
-4.34173
-4.24182
-5.45963
-5.45386
-5.05484
-5.98001
-5.98001
-5.27058
-4.83977
-4.83977
-4.41877
-5.48831
-5.24471
-3.53481
-3.42964
-3.42964
-3.63734
-3.07908
-3.75695
-3.75695
-3.75695
-2.85636
-2.65802
-1.75998
-1.75998
-3.38653
-3.38653
-2.74634
-2.17838
-4.39789
-4.39789
-4.16597
-3.59359
-3.3523
-2.99073
-1.80328
-1.29837
-2.40973
-2.988
-2.988
-2.03427
-3.39261
-1.72361
-2.13892
-1.07161
-1.29964
-0.778755
-2.15314
-1.24705
-1.32574
-1.14895
-0.901457
-0.75504
-0.75504
-1.55882
-1.66872
-1.04393
-1.66781
-1.09276
-1.09276
-1.45746
-2.2238
-2.04923
-1.53331
-0.81315
-0.81315
-0.521401
0.549911
0.767111
2.08186
2.08186
1.85374
1.30139
1.30139
1.06747
-0.502087
-0.635561
-0.113286
0.630397
1.25026
0.901285
2.20578
2.20578
1.59346
1.51313
-0.895219
-2.32513
-2.13025
-1.87327
-2.75806
-0.755886
-2.18558
-1.95182
-2.21503
-1.68865
-1.13888
-1.20707
-1.20707
-3.11612
-2.09906
-2.09906
-3.20775
-2.70866
-1.53789
-1.5784
-2.42596
-2.10863
-2.04301
-2.23648
-1.73508
-1.29512
-2.71565
-2.16455
-3.15509
-3.9025
-3.42918
-2.41701
-3.35849
-3.18122
-2.56191
-4.27767
-3.8631
-3.8631
-2.84464
-2.00929
-0.0768933
-0.476373
0.111808
-0.214661
0.936675
-0.131062
0.613291
-0.243926
-1.08417
-1.50794
-2.74902
-2.84209
-0.191921
0.263956
0.263956
0.258403
0.258403
0.0240396
0.179433
0.514829
0.514829
-0.28328
-0.7151
-0.875102
-0.875102
-1.37745
-1.04496
-1.30801
-2.43434
-3.60355
-3.53938
-3.48049
-3.99039
-4.1997
-4.49028
-5.46605
-6.09147
-5.73759
-5.73759
-4.08189
-3.96431
-3.99166
-3.99166
-3.99166
-4.52777
-3.41938
-3.8072
-3.92228
-4.3407
-2.64226
-0.067384
-1.46635
-1.50529
-1.50529
-2.78882
-2.37394
-1.16035
-0.55607
-1.2651
-1.2651
-0.723917
0.343199
1.41379
1.86432
1.84569
1.86761
1.9542
1.9542
1.38569
1.41234
1.74626
1.02672
1.02672
-1.0114
0.74117
1.33393
0.704222
0.903422
-0.43067
-0.436837
-0.436837
-1.50686
-2.02167
-3.54263
-3.54263
-3.54263
-2.95639
-2.95639
-1.9621
-1.9621
-1.77632
-3.1582
-2.496
-2.26816
-3.1751
-2.09195
-1.49524
-0.78909
-0.79983
-1.13059
-1.13059
-2.49946
-1.61833
-0.866382
-1.08088
-0.717085
-1.52405
-0.878215
-1.13313
-0.915985
-0.169036
-0.169036
-3.30558
-3.36419
-3.42334
-3.78716
-2.04273
-2.31917
-2.45426
-3.33859
-1.39342
-2.27057
-3.24805
-2.08329
-1.21367
-1.21367
-0.320687
-0.162446
-2.07559
-1.44573
-0.908671
-0.959777
-0.596844
-1.56699
-1.97677
-1.88018
-2.14974
-2.08963
-2.98199
-2.44628
-3.08324
-3.56005
-2.38216
-1.79679
-1.57581
-1.54244
-3.57565
-3.94258
-3.05288
-2.82012
-2.82012
-3.32695
-3.37313
-4.08907
-3.37831
-3.03433
-1.87675
-1.87675
-1.85962
-2.59062
-2.46934
-3.60107
-4.54641
-4.53529
-4.35204
-4.03197
-3.60056
-3.05017
-3.22445
-1.44153
-1.31153
-1.99681
-1.63858
-3.45124
-3.73466
-3.96937
-3.4119
-3.53275
-3.53275
-4.39374
-4.8214
-4.8214
-4.8214
-4.8214
-5.81683
-5.9635
-4.35022
-3.43358
-3.70163
-4.85631
-4.85631
-4.71421
-3.66797
-4.09075
-4.00846
-3.50082
-3.50784
-3.23061
-3.4823
-1.95553
-1.54493
-1.21605
-1.2435
-1.2435
-1.4191
-3.32102
-2.12479
-2.04075
-2.80446
-1.71244
-2.12304
-2.12304
-2.37226
-2.71213
-1.8351
-0.70062
-1.17012
-0.9154
-2.35738
-2.26113
-2.26615
-3.56478
-3.12621
-3.12621
-3.17457
-3.17457
-3.20756
-1.57081
-1.60791
0.119546
0.344393
-0.0193331
1.30259
-0.0324065
-1.93207
-2.1855
-1.97342
-2.54774
-3.0171
-2.70986
-1.82344
-1.74811
-1.6093
-3.25727
-3.25727
-4.58748
-5.16492
-5.15712
-4.12866
-2.93946
-3.61867
-3.73934
-3.73934
-4.06375
-5.69711
-5.24679
-5.35514
-5.35514
-5.13404
-5.92286
-5.49858
-5.49858
-5.22543
-5.28515
-3.82648
-3.82648
-4.39117
-3.1314
-2.63778
-0.728988
-1.90527
-2.26491
-1.16435
-2.55665
-2.55665
-2.77908
-3.25813
-3.25813
-4.18393
-4.68349
-4.05347
-4.05347
-2.56883
-2.95832
-2.44926
-1.5357
-1.5357
-3.86075
-3.60456
-4.41418
-5.0738
-4.43192
-4.43192
-4.25659
-4.25659
-3.61531
-3.24084
-3.00919
-2.56232
-2.34834
-2.07815
-1.2161
-1.16333
-0.882821
-1.04847
-0.417115
-1.8834
-0.951494
-0.702382
-0.646557
-0.646557
-2.41315
-3.07325
-3.00808
-1.44253
-2.33014
-2.68003
-1.56019
-2.18491
-1.47002
-3.03382
-3.807
-2.92748
-2.92748
-0.88119
-1.33539
-0.225231
-0.225231
-1.47464
-0.975497
-0.438637
-0.0930165
0.951581
0.951581
1.15545
0.293964
0.293964
0.0601101
-1.57906
-1.85153
-1.0429
-0.0866303
-0.175237
-0.175237
-1.64535
-1.48531
-2.07542
-1.76687
-2.82309
-2.67592
-3.89155
-2.24296
-3.16867
-2.18144
-4.51356
-4.51356
-4.55001
-2.92992
-2.92992
-3.66189
-2.62469
-1.77423
-3.26632
-3.06186
-2.1655
-1.53082
-2.85973
-1.73335
-1.73335
-2.18991
-2.47224
-1.64723
-1.25364
-0.765929
-0.028733
-0.454329
0.0669814
0.0669814
0.0669814
-0.261932
-2.08693
-0.952508
-2.73219
-2.63404
-2.61398
-1.72536
-1.66353
-1.39867
-0.699596
0.17546
0.17546
0.20912
-0.341814
-0.341814
-0.341814
-0.947427
-1.74045
-2.64783
-2.66365
-2.60782
-3.07791
-3.69642
-3.60209
-3.30209
-3.56629
-3.09681
-2.57252
-2.75285
-0.868018
-1.26651
-1.26651
-1.86391
-2.4845
-2.4845
-1.71312
-2.63095
-2.78524
-2.88331
-2.88331
-2.91629
-1.60125
-3.03742
-1.51642
-0.150193
0.0471887
0.120417
0.493761
0.493761
1.94372
3.44818
2.7926
2.02087
2.02087
2.02087
2.22668
2.15723
2.24553
1.2753
1.2753
1.50849
1.53409
1.06226
0.632139
1.18787
2.48487
2.24834
1.5912
1.79093
1.37918
-0.302047
-0.209874
0.59037
0.141396
-0.998009
-0.859176
-1.70909
-1.70909
-1.45286
-1.28764
0.929441
0.505378
0.754039
0.754039
0.666175
0.166865
0.114062
0.0130918
0.0130918
0.0130918
0.0130918
-1.62613
-0.47387
-0.0573994
-0.440923
-0.440923
-0.440923
0.301516
-0.987783
-0.325338
-0.783969
-1.41806
-1.33802
-0.453379
0.552776
0.552776
0.552776
-0.56932
-0.56932
-0.192555
-0.192555
-0.716467
-0.984394
-0.38336
-1.7405
-1.16389
0.222841
0.222841
-1.55651
-0.403462
-1.89894
-1.70538
-1.4275
-1.62537
-2.58938
-3.05405
-2.9155
-4.43991
-4.43991
-4.43991
-3.06084
-4.61945
-4.95906
-4.95906
-4.55251
-3.74269
-3.10213
-3.58916
-3.88886
-4.54607
-3.93221
-2.58511
-1.75642
-1.75642
-1.68362
-3.14143
-3.47552
-2.54591
-1.58099
-3.03457
-2.94223
-1.35553
-1.14409
-1.14409
-1.14409
-2.47488
-4.09075
-2.71662
-2.93881
-0.777406
-0.888204
-0.888204
-1.5659
-0.934013
-0.934013
0.693337
0.149952
-0.128232
-1.18502
-1.28884
-1.81958
-0.944005
-0.44755
0.622058
-0.805935
-2.59837
-1.82355
-3.79051
-3.63811
-3.63811
-4.4407
-3.06062
-3.06062
-2.09545
-2.12541
-3.52118
-3.07124
-1.94932
-1.95192
-0.198422
-0.206853
-1.30045
-1.07602
-2.356
-2.80102
-2.85732
-2.85732
-1.99078
-1.05057
0.436426
0.814936
0.814936
0.844163
1.12105
1.12105
1.30021
2.09434
2.4904
0.810203
0.666749
0.620552
-0.357185
-0.200336
0.0842639
-0.452075
-0.452075
-1.06305
-0.674879
-0.674879
-1.49399
-2.44901
-2.49655
-2.02568
-0.784895
-1.7672
-2.21483
-3.1366
-3.18689
-3.63348
-5.06004
-5.06004
-6.14422
-6.08925
-6.62738
-6.10631
-5.89459
-5.42239
-3.86828
-5.07887
-5.42342
-5.4185
-5.56559
-5.86606
-5.86606
-7.19312
-6.96133
-6.86244
-5.79873
-5.79873
-6.13963
-6.62442
-6.17842
-5.71478
-5.98584
-5.98584
-5.98584
-5.98584
-5.40774
-5.23885
-5.13256
-5.05856
-5.05856
-4.47171
-5.47631
-4.78418
-5.26597
-5.26597
-3.54001
-2.86172
-2.84734
-3.04587
-3.21264
-1.98685
-3.42391
-3.99302
-3.16943
-3.23592
-4.26891
-3.09961
-2.60055
-1.99073
-3.07733
-2.22934
-2.16022
-2.14307
-1.70249
-1.80178
-1.39868
-1.81744
-1.61113
-1.61113
-2.55734
-0.416937
0.131896
0.48484
0.48484
1.3305
1.41217
1.41217
1.41217
1.02381
1.68576
3.19061
2.78081
1.28685
0.0295758
0.426541
1.18527
0.216708
0.0464414
-0.717214
-0.788557
-2.02825
-1.05641
-0.553997
-1.0746
-4.56702
-4.56702
-3.82352
-3.36323
-3.67691
-2.64781
-4.16564
-3.75727
-3.75727
-5.32068
-5.32068
-5.21008
-5.5468
-3.65446
-2.14254
-2.55236
-2.64671
-2.64671
-1.5076
-1.5076
-3.19624
-2.81448
-4.19359
-3.49334
-3.35221
-2.09842
-1.89448
-1.08131
-2.17505
-2.37189
-2.32325
-2.32325
-2.64462
-1.9582
-1.62731
-1.63329
-1.18244
-0.737663
-1.20769
-1.45145
-1.45145
-1.2481
-1.21968
-2.48723
-2.7222
-3.18311
-2.35859
-2.93827
-1.14746
-0.554941
-0.554941
-0.364661
-1.24603
-1.24603
-3.29174
-3.29174
-2.5479
-1.8122
-1.5157
-0.861855
-0.326789
-0.425521
-0.955204
-0.905999
-1.4237
-1.57876
-0.845036
-2.08
-2.08
-1.16375
-1.3537
-1.62354
-1.38421
-2.24796
-2.33889
-2.45295
-1.75078
-0.308578
-2.70445
-2.24321
-2.24321
-2.15513
-1.40172
-1.8366
-2.3734
-2.6069
-1.70008
-1.04166
-0.629263
0.685137
-1.33873
-1.33873
-1.41327
-1.49776
-1.42133
-2.89496
-2.93518
-3.78557
-2.1611
-2.1611
-3.23283
-3.25067
-3.25067
-3.64598
-3.97181
-4.71473
-4.98007
-4.15311
-4.13225
-4.36593
-4.36593
-4.49855
-4.26666
-5.30802
-5.30802
-5.68129
-5.75496
-4.10216
-3.58022
-3.68172
-3.80214
-3.60758
-2.51488
-3.19479
-3.1246
-3.34575
-3.83897
-5.43913
-6.40825
-6.09183
-5.33948
-5.28484
-5.46873
-4.71622
-2.64868
-2.98896
-2.51123
-1.50659
-2.36683
-3.18883
-2.9842
-2.54466
-2.14318
-2.11973
-1.96461
-2.88883
-2.74875
-4.73637
-4.78692
-3.78115
-3.78115
-2.80767
-1.11012
-0.0606955
-0.0606955
1.3781
2.08828
2.08828
2.57974
0.644475
0.644475
-1.48617
-1.53907
-0.95189
-0.493616
-0.425333
-1.00632
-2.68133
-2.68133
-4.18765
-2.37426
-2.00131
-0.666694
0.0402124
-1.14936
-2.9981
-3.46077
-3.5579
-3.53946
-3.22554
-1.33917
-2.59284
-2.51283
-3.45798
-1.33235
-0.74086
0.220418
0.220418
0.610838
0.397523
0.830705
0.830705
-0.199289
0.309935
1.29277
1.82351
-0.0478633
-0.795492
-0.386207
0.677142
1.18969
1.16188
1.16188
1.16188
0.683018
0.683018
0.683018
0.0219475
0.22043
-0.972761
-1.64211
-1.80961
-2.46558
-1.5158
-3.56882
-4.25806
-4.51221
-4.71706
-4.34897
-3.61218
-3.66465
-3.86955
-2.89229
-3.93983
-4.13996
-4.13996
-5.31902
-5.31902
-5.41034
-4.5843
-5.3881
-4.12199
-3.93311
-3.93311
-3.93311
-3.20318
-4.24971
-4.24971
-2.84601
-2.97479
-3.88855
-4.2536
-4.2536
-4.2536
-3.62751
-4.71014
-3.79932
-4.10158
-3.94045
-1.87332
-3.28947
-3.28947
-4.76537
-4.03952
-2.63523
-3.67357
-3.41987
-3.85678
-4.02112
-5.74081
-5.74081
-5.74081
-5.74081
-5.74081
-5.77711
-5.82044
-4.11613
-4.11613
-4.24217
-4.24217
-5.68107
-3.96547
-4.84917
-4.84917
-5.26749
-4.2861
-4.2861
-2.77961
-2.11917
-2.11917
-1.57306
-3.11881
-2.78242
-3.41831
-1.98547
-2.84474
-1.97911
-1.97911
-2.38249
-0.778838
-0.778838
-1.89573
-2.23361
-2.50557
-2.25936
-3.65283
-3.52003
-3.24013
-3.24013
-3.86078
-4.86452
-3.42131
-2.71323
-2.71323
-2.71323
-2.32929
-1.95391
-2.05253
-3.25276
-3.49221
-1.87865
-1.14734
-0.93844
-0.58898
0.369682
-1.3958
-3.28662
-3.19115
-3.14104
-2.62896
-2.4717
-2.4717
-2.4717
-3.51545
-1.85925
-1.11327
0.17348
0.17348
1.76368
2.56034
2.18832
2.18832
1.28265
0.496735
0.654176
-0.034341
-0.196671
-0.196671
-0.196671
-0.979096
-0.963539
-1.95435
-1.95435
-2.3615
-2.57773
-2.20473
-1.34806
-2.53386
-2.11876
-1.5737
0.0630301
1.68229
2.05709
2.08517
2.08517
2.08517
1.47427
2.56276
0.902166
0.484604
-0.498007
0.0412195
-2.27038
-1.02301
-1.32608
-1.02538
-1.13957
-1.00943
-1.10966
-1.63847
-3.05411
-3.56693
-3.56693
-3.00211
-2.161
-1.87486
-2.49542
-3.46993
-3.46993
-3.46993
-2.94934
-3.32731
-0.999802
-0.791545
-1.041
-0.935013
-1.51701
-2.74027
-2.91203
-2.53789
-2.55503
-0.602357
0.162281
0.778685
0.778685
0.778685
0.393478
0.00682747
1.37003
1.37003
0.46936
0.12349
-0.352125
-0.263917
0.226764
0.446768
0.446768
1.70473
1.62882
-0.243423
-0.243423
-1.97276
-2.31757
-3.61864
-3.61864
-1.6193
-2.91548
-3.44023
-4.84034
-4.88257
-5.14208
-6.64142
-6.4275
-7.42279
-7.14337
-7.08912
-7.46491
-7.46491
-5.86094
-6.81643
-5.42498
-5.42498
-4.09537
-4.35323
-4.35323
-3.3774
-1.77667
-0.314013
0.145373
0.17717
0.812786
0.358676
0.158033
-2.2393
-2.2393
-1.47751
-2.58893
-2.61813
-1.59012
-2.50436
-2.20253
-1.18067
0.0829059
0.0829059
-1.04547
-1.04547
-3.19328
-3.19328
-4.60043
-3.08417
-1.52646
-2.83822
-2.21478
-2.62272
-3.75271
-4.71139
-4.71139
-5.62454
-7.31224
-5.96622
-5.93979
-5.93979
-5.93979
-5.93979
-5.89764
-5.89764
-5.96484
-5.51599
-3.89491
-4.21055
-4.35301
-3.1509
-3.17855
-3.94058
-3.82257
-4.5341
-4.5341
-4.89537
-5.81371
-5.04361
-4.15576
-4.15576
-4.94929
-4.51578
-3.37306
-2.34583
-2.7649
-1.96064
-3.14532
-2.97399
-3.04988
-3.04988
-2.31543
-1.14266
-1.15374
-1.59367
-2.5344
-2.4117
-2.7198
-3.12699
-4.81917
-4.99012
-4.83742
-4.88715
-2.0231
-2.0231
-1.22944
-2.28818
-2.26398
-2.44626
-2.06549
-2.56376
-2.02854
-1.46997
-0.0219917
-0.304854
-0.981291
-0.981291
-0.981291
1.77633
2.02723
1.72325
1.72325
1.72325
1.72325
1.99212
1.35532
1.35532
1.5456
2.27616
1.39028
0.914754
-0.241442
-0.241442
0.0711534
0.118798
-1.67411
-2.82154
-2.82154
-0.604081
-0.193679
-0.707575
-0.858899
-0.85936
-1.925
-2.88294
-3.24919
-3.24919
-4.16922
-4.46353
-4.37583
-4.37583
-3.1214
-1.52174
-0.444025
-0.444025
-1.05235
-1.05235
-1.05235
-2.00416
-1.04511
-1.70225
-0.96532
-0.0698841
0.279537
0.538622
1.50259
2.31177
2.31177
1.08942
2.1557
2.23385
0.799573
0.799573
0.799573
0.554761
0.554761
0.554761
-0.170382
-0.497767
-0.645913
0.602181
0.607611
0.025933
0.025933
-0.00297045
0.0121497
0.1913
0.1913
0.654725
0.48792
-0.366222
-1.44116
0.272814
0.600435
0.600435
0.600435
0.600435
0.498023
0.498023
1.39149
0.786183
0.786183
-0.026688
0.497123
-0.446343
-0.446343
-0.651835
-1.38614
-1.41277
-2.4253
-1.97199
-3.0133
-2.81322
-2.79249
-2.54119
-2.72793
-2.69397
-1.40102
-1.60295
-1.89757
-1.98392
-2.01977
-2.36287
-1.561
-1.561
-2.46963
-2.21787
-2.46667
-2.46667
-2.49837
-1.89777
-0.634656
0.604005
-0.799675
-2.329
-1.13287
-1.13287
-1.38049
-2.04094
-1.04021
-1.19837
-0.458143
-0.327199
-1.30481
-1.59296
-1.219
-1.96616
-2.61991
-1.57576
-1.57576
-2.35322
-2.27605
-2.27605
-1.36662
-1.80569
-2.18617
-3.61594
-2.032
-2.51051
-2.42293
-2.86037
-3.93437
-2.77079
-2.95689
-1.21766
-1.21766
-1.21766
-0.298388
-0.298388
-0.298388
0.455829
-0.639707
-1.58912
-2.99717
-3.21043
-2.3043
-1.23633
-1.61625
-1.19906
-2.42687
-2.86041
-0.67954
-1.4161
0.0124237
0.0124237
-1.34577
-1.34577
-2.00122
-2.00122
-1.29168
-1.29168
-1.29168
-0.279821
0.166848
-1.68918
-2.36833
-1.75703
-1.21598
-2.05536
-2.34027
-1.62301
-0.6335
0.429259
1.28006
1.28006
1.28006
1.6669
0.454788
1.43965
0.820049
0.19275
0.19275
0.13948
0.13948
0.13948
0.13948
0.13948
0.531796
0.782658
0.564024
0.797585
-0.0906944
-1.10887
-0.278345
0.406984
2.57359
2.29257
1.91016
1.43423
-0.455859
-0.478958
-0.395807
-0.459149
-1.91031
-2.01535
-1.90934
-2.23338
-3.23519
-3.52097
-4.32124
-5.06028
-5.43171
-5.77434
-5.77434
-4.93883
-4.93883
-3.72411
-4.08307
-2.39926
-2.37165
-1.97376
-2.45217
-2.36121
-2.26722
-1.13756
-2.11479
-2.17924
-3.17335
-2.68961
-4.57993
-4.57993
-4.15864
-4.87665
-4.87665
-4.80868
-4.27684
-2.86194
-1.68252
-1.39626
-1.17694
-0.381596
-0.254439
-0.0230448
-0.0230448
0.145138
-0.59798
-0.146761
0.268306
0.268306
-0.688641
-0.67271
-0.856136
-0.338062
-0.21704
0.0816718
-0.914984
-1.65301
-2.52038
-2.52038
-2.40405
-2.70477
-3.5962
-3.5962
-4.93053
-5.16002
-3.76301
-3.44808
-2.23062
-0.978003
0.505249
0.505249
-0.373479
-0.462718
-0.815933
-1.24384
-1.24384
-2.29746
-2.98764
-2.64422
-2.1318
-2.15954
-2.15954
-1.34423
-2.39918
-2.86372
-2.81182
-2.81182
-2.99533
-3.22475
-3.64943
-4.05559
-3.73516
-3.73516
-3.85763
-3.85763
-3.27807
-2.90839
-3.86515
-3.86515
-3.58315
-3.95132
-3.83086
-3.65937
-3.54067
-3.97414
-3.97414
-2.47576
-2.47576
-2.11816
-2.3164
-1.55353
-0.194346
-0.194346
-0.194346
-0.194346
-1.1086
-1.41681
-1.00894
-1.00894
-0.688626
0.514348
-0.29056
-0.587816
-1.02039
-0.935009
-1.30967
-2.20338
-1.87021
-2.28868
-3.37855
-2.56916
-2.151
-2.151
-1.11579
-1.41855
-1.68994
-1.78646
-1.35531
-1.35531
-1.86452
-1.70332
0.230826
1.1271
0.477797
0.477797
1.02294
-0.657278
-0.882084
-0.742727
1.08413
1.08413
1.08413
0.955705
-0.0370684
-1.21419
-1.11962
-2.44008
-2.77293
-1.77055
-3.40803
-3.40014
-3.52815
-2.47118
-2.64341
-2.67461
-2.80826
-1.03518
-2.7475
-2.22145
-1.74788
-0.796573
0.652216
-0.524092
-0.93375
-0.93375
-3.40081
-3.8147
-3.06314
-0.90509
0.973044
0.0615531
-0.173551
-0.173551
-0.637091
-1.26534
-1.83406
-2.95064
-3.12409
-3.099
-2.78013
-3.54089
-2.65833
-0.628932
-2.93201
-1.27646
-0.0656473
-1.41417
-0.228204
-0.307487
-0.307487
-0.321115
1.13361
2.71655
2.71655
2.29635
2.35071
3.40934
1.81532
1.81532
0.74711
0.74711
0.778114
0.390209
0.390209
0.100686
0.596101
-0.196649
-1.55419
-1.55419
-2.26166
-0.500015
-0.529405
-1.16927
-1.17385
-2.20387
-0.962216
-1.46253
-2.00698
-1.15212
-1.15212
-0.727848
0.568657
-1.03883
-2.06201
-1.76432
-2.56525
-2.56525
-1.40847
-1.59915
-1.39918
-0.479095
-1.97891
-2.0619
-2.0699
-1.96843
-0.682513
-0.428533
-1.04626
-0.927975
-1.59893
-1.49127
-1.49127
-1.89191
-2.36974
-2.29561
-3.52806
-5.01866
-3.80885
-3.39537
-5.47931
-6.04115
-6.04115
-6.51221
-6.31724
-6.37059
-6.90184
-6.77916
-6.66267
-6.21415
-5.98688
-6.5323
-7.12296
-7.12296
-6.79299
-7.38578
-7.38578
-7.3646
-7.3646
-6.42835
-6.42835
-6.25672
-6.8871
-6.83438
-6.15363
-6.15363
-5.36851
-4.69415
-4.69415
-4.27308
-3.78228
-5.88809
-5.80731
-5.46028
-4.41563
-4.41563
-3.55771
-4.13359
-4.00194
-4.00194
-4.00194
-5.04757
-5.04757
-3.6356
-3.48687
-4.08472
-3.50751
-2.70992
-2.49142
-2.26387
-2.26387
-1.10222
-1.78676
-2.99116
-2.99116
-1.99208
-1.65867
-1.2727
-0.759059
-1.1069
-1.65397
-1.65397
-1.83954
-1.3407
-0.583234
-1.56851
-1.56851
-1.32849
-3.8697
-3.33559
-4.16939
-3.16986
-2.00459
-1.85008
-1.95269
-0.755018
1.41896
1.03224
0.538285
1.23473
1.05896
0.832751
0.947632
0.807742
0.605764
0.605764
0.846223
0.846223
0.198544
1.15754
1.71303
0.859213
1.05692
1.05692
1.17765
0.866339
0.866339
0.866339
0.936769
1.61618
0.974215
0.703882
0.68002
0.68002
0.682753
-0.228947
-1.3322
-1.5347
-1.5347
-0.102531
-1.07243
-0.704453
0.164366
0.350046
0.555664
1.09267
1.09267
0.102164
-0.473435
-0.473435
-1.06181
-1.50907
-1.50907
-3.001
-1.5857
-1.5857
-2.60466
-1.41243
-1.8381
-1.8381
-0.0153623
-0.0153623
-0.0153623
-0.560662
-0.457414
0.136227
-0.661412
-0.889677
-0.889677
-0.762822
-0.859847
0.409167
0.946938
2.6954
2.39151
-0.580908
-0.0491688
-0.0491688
-0.0491688
0.255453
1.1153
-0.467877
-0.129301
-0.129301
-0.773179
-1.54565
-1.52296
-1.47456
-1.06965
-1.06965
-1.18051
-1.18051
-0.913403
-0.196012
-2.51405
-3.02491
-4.46505
-4.46505
-4.2378
-3.49429
-3.49429
-3.49429
-3.64005
-3.64005
-3.8517
-3.58748
-4.46195
-3.74388
-3.89613
-4.98048
-4.86049
-3.73257
-2.1563
-2.15648
-1.28228
-1.28228
-3.94691
-4.06664
-3.52169
-4.08799
-3.34732
-4.85385
-5.13222
-5.48172
-6.14667
-6.32957
-6.61228
-5.57541
-5.57541
-4.72673
-4.08704
-3.68785
-4.197
-4.197
-6.1424
-6.1424
-5.7169
-5.7169
-5.88757
-5.91845
-5.91845
-4.95165
-4.44238
-4.04428
-2.18426
-3.00771
-2.49798
-1.92809
-2.56945
-2.79231
-3.42745
-3.82842
-3.82842
-5.10766
-4.75511
-3.69445
-2.94613
-2.94613
-1.35133
-2.32566
-1.51286
1.011
1.011
1.011
-0.0954165
0.306124
-0.988965
-0.840655
-0.840655
-1.84157
-1.3905
-0.710272
-0.442804
0.84151
0.383672
0.179915
-0.529115
-1.10148
-0.367541
-1.33909
-1.40024
-2.3754
-2.63011
-2.68087
-3.74435
-3.32407
-3.57941
-2.53999
-0.749838
-2.44882
-2.868
-3.0051
-3.4077
-3.72535
-3.72535
-3.3724
-3.3724
-3.42714
-3.23724
-2.5199
-2.19752
-2.41002
-3.30022
-1.22186
-1.55742
-1.55742
-0.740232
-0.607752
-0.309914
0.310905
1.1411
0.500253
0.861812
1.0913
0.0292364
-1.58468
-0.273098
-0.04038
-1.01828
-0.660527
-1.31031
-1.51088
-2.09882
-2.09882
-1.06177
-0.756713
-0.756713
-1.41096
-1.18326
0.434365
0.0609827
-1.37621
-2.37036
-2.73027
-2.9117
-3.10999
-2.29576
-3.11534
-1.54503
-0.00325718
0.0621621
0.0621621
0.50287
1.10656
1.19686
1.14226
0.271287
1.62002
2.25702
1.00598
1.00598
-1.54691
-1.27471
-0.634253
-2.24259
-3.25333
-1.5872
-1.59507
0.172457
-0.295801
0.25688
0.25688
0.98891
0.831834
0.831834
0.583163
-0.335528
-1.16029
-1.73695
-1.0683
-1.38537
-1.78463
-1.02468
-0.749337
0.729182
0.920652
0.16783
0.16783
0.11077
-0.356326
-0.092517
-0.316356
-0.740081
-0.408372
-0.326835
-0.326835
-0.978178
-0.978178
-0.739464
-1.27487
-0.309153
0.488404
0.523378
1.02376
1.02376
1.02376
1.54563
2.27861
1.37767
1.37767
1.02014
1.02014
0.170122
0.170122
0.686444
-0.88513
-0.932035
-1.92267
-2.96296
-2.96296
-4.38044
-2.50145
-2.50145
-2.32256
-3.08701
-0.938074
-0.262671
-0.262671
-1.42208
-0.33873
-1.10268
-1.94547
-3.91172
-3.70834
-4.24208
-4.50063
-4.82284
-5.4954
-4.17788
-4.17788
-2.38662
-2.38662
-2.49809
-3.45801
-3.45801
-3.45801
-2.49063
-2.32648
-1.81711
-3.42018
-3.42018
-1.85826
-1.85826
-3.41713
-3.65051
-3.65051
-2.57339
-2.10297
-2.65
-3.83754
-3.83754
-3.83754
-3.83814
-3.09092
-3.43874
-3.78068
-3.78068
-3.82971
-4.95173
-5.03018
-4.67101
-4.67101
-4.73479
-3.99987
-4.56434
-4.14679
-3.14434
-1.9814
-2.53429
-3.25265
-2.9313
-2.23908
-2.23908
-2.393
-0.969935
-0.878885
-1.72748
-1.3329
-0.856781
-0.856781
-0.192175
-1.19216
-1.3474
-3.90137
-3.90698
-4.93134
-4.93134
-5.87021
-4.57544
-3.98201
-4.81215
-3.08128
-2.93162
-2.18004
-1.54399
-0.807541
-1.6119
-2.1407
-1.31568
-1.05455
-2.14178
-1.96757
-1.26369
-0.892964
-0.203852
-0.203852
-0.905875
-1.44432
-1.44432
-0.639983
-1.99324
-2.91766
-2.91766
-3.68429
-3.68429
-1.68372
-2.37577
-2.31331
-3.80241
-3.4973
-4.1261
-5.48136
-4.00101
-4.00101
-2.33022
-0.265491
-1.77872
-1.39283
-1.93153
-2.02674
-0.311949
0.0819812
0.0782578
-1.18532
-1.46121
-1.46121
-1.35053
-1.5827
0.568911
1.42614
2.10793
2.10793
2.10793
1.30222
1.30222
0.369818
-0.474608
-1.04867
-3.06988
-1.5069
-2.17005
-1.6917
-1.00269
-2.06829
-2.1108
-1.57736
-2.74852
-3.26643
-3.83438
-3.30865
-4.26998
-4.22202
-4.85756
-4.82305
-5.49222
-3.91687
-3.62398
-2.56189
-1.76623
-3.693
-2.09962
-2.48713
-5.23224
-5.23224
-5.0936
-5.22623
-5.66776
-4.0513
-4.05618
-4.05618
-4.05618
-4.91878
-4.91878
-4.91878
-4.91878
-6.51811
-6.51811
-6.51811
-6.51811
-6.66542
-7.2905
-6.56505
-6.38624
-6.1644
-5.12917
-5.3885
-5.15544
-4.72783
-4.7746
-3.19189
-3.9318
-3.13423
-1.14284
-0.803334
-1.65491
-2.11052
-2.08716
-1.6118
-0.992571
-2.12782
-1.34793
-1.10327
-0.800344
-0.800344
0.197476
-0.382463
-0.0661979
-0.366123
-0.459138
-0.839215
-0.928047
-1.15067
-1.94914
-0.372637
-0.130583
-0.130583
0.934877
0.934877
0.0401863
-0.00708671
-0.346146
-0.158256
-0.880066
-1.02708
-1.1008
-1.58503
-1.08318
0.936229
0.487828
0.213727
-0.630038
-1.31823
-0.254614
-1.04361
-2.91154
-3.05075
-2.18477
-2.29513
-1.0366
-0.787729
-0.495948
-2.03959
-1.88427
-2.48831
-2.48831
-2.48831
-3.0178
-4.03568
-4.03568
-4.03568
-4.37525
-4.07814
-2.95305
-2.61213
-0.506213
-0.169703
-0.169703
-0.141779
-0.354982
-1.00858
-1.31257
-1.27383
-1.69774
-2.74465
-3.52046
-3.92639
-2.82405
-1.88308
-0.61714
-0.241342
-0.860218
-2.16672
-2.29926
-2.07292
-3.53703
-2.76142
-2.76142
-2.53748
-2.16779
-1.28709
-1.66434
-1.38979
-1.65305
-1.74787
-2.9539
-3.7513
-4.02229
-4.71176
-4.09495
-3.51339
-0.833903
0.689944
0.724565
0.724565
0.108574
-0.346303
-0.773522
-1.09785
-0.0269082
-0.0269082
-0.0269082
-0.0390844
-0.0309506
0.612573
0.117856
-1.85193
-2.22033
-0.706064
-0.706064
-1.14462
-1.14462
1.32297
1.32297
1.32297
0.941205
0.673578
-1.28767
-0.40515
1.27347
0.704739
-0.594219
-1.9254
-2.9182
-4.17713
-4.17713
-4.71704
-4.92003
-4.59205
-4.59205
-2.86004
-2.86004
-3.69555
-2.10313
-2.22511
-2.55977
-2.10434
-1.92179
-1.23919
-1.23919
-0.463296
-0.0255921
-0.374875
-0.781028
0.0470571
-0.0494746
0.472494
0.249132
0.164046
0.811826
1.12234
1.12234
1.11936
1.11936
-0.548348
-1.22335
-1.21825
-0.966023
-0.521464
-2.10007
-2.10007
-2.10007
-3.75393
-3.75393
-2.82494
-3.77668
-2.92536
-3.20727
-3.27137
-3.27137
-2.89677
-2.89677
-2.78618
-3.19345
-2.74406
-3.81323
-2.05187
-2.05088
-1.6573
-0.616327
-1.37736
-3.58306
-4.46179
-3.71344
-2.35482
-2.87748
-3.02806
-3.24356
-3.24356
-4.18718
-5.42412
-5.52791
-6.06639
-4.54587
-3.87067
-2.91627
-1.14355
-0.325407
-1.40753
-1.32094
-2.09265
-1.49803
-0.894049
-0.942296
-0.998199
-2.50021
-3.07982
-3.07696
-4.05149
-2.97326
-3.57288
-3.01522
-3.01522
-3.73295
-3.70679
-4.20002
-4.03453
-4.62615
-4.87192
-2.72342
-4.13617
-4.16676
-4.62827
-3.93054
-3.74583
-3.70474
-3.17485
-3.26828
-3.26828
-3.42733
-2.33536
-1.29263
-0.880486
-2.44878
-3.58121
-3.15371
-3.15371
-2.97079
-2.89727
-1.78609
-3.49205
-2.17445
-2.45624
-1.58324
-1.86734
-1.55766
-0.740851
0.129615
0.129615
-0.605394
-0.945585
-0.62271
-0.62271
-2.39951
-1.56517
-0.902244
-1.74721
-0.981006
-1.98076
-2.22316
-0.238828
1.21271
1.69867
1.30607
1.30607
0.718154
0.662612
-0.0948489
-0.0948489
-0.0948489
-0.221748
-0.86495
-0.910541
-0.555404
-1.67299
-1.68356
-0.937276
-0.482139
-1.04822
-2.46769
-1.4239
-0.866043
-1.37412
-1.96287
-0.799044
-0.657229
-1.64059
-0.936653
-0.691333
-0.364081
-1.24937
-0.533802
-1.85122
-2.08853
-3.10846
-4.02952
-4.27337
-4.49518
-4.49518
-4.49518
-3.7387
-2.77055
-3.2457
-4.16678
-3.70022
-3.84179
-3.97989
-2.72441
-2.72441
-3.1806
-2.41588
-1.98616
-1.98019
-2.43503
-1.71217
-2.55926
-2.09044
-2.2008
-1.76337
-0.320452
0.188232
-0.718271
-1.41374
-0.945095
-0.40169
-0.40169
-1.21644
-2.39668
-2.51535
-2.10442
-2.10442
-1.84175
0.674881
-0.111391
-1.38735
-2.1171
-1.95554
-1.65302
-1.84587
-2.43814
-1.96275
-2.74583
-4.19767
-3.98972
-4.2295
-3.97658
-3.42375
-3.23071
-2.47905
-2.8848
-3.3446
-3.13595
-4.64381
-3.70566
-3.59505
-2.91267
-3.31915
-3.88417
-2.95708
-3.52181
-4.61336
-5.56915
-5.03717
-5.03717
-4.48356
-4.48356
-4.48356
-3.86567
-4.22245
-4.36092
-4.11289
-3.76435
-1.14825
-1.12283
-1.30482
-1.11498
-1.06338
-0.843576
-0.428373
-0.232294
-0.796706
-0.796559
-1.07907
-1.07907
-1.85151
-1.36745
-0.760385
0.859224
0.284747
0.284747
0.810262
0.481927
0.481927
-0.133006
-0.133006
0.68894
0.432366
0.432366
-0.570022
0.0100517
-0.472725
-0.472725
-0.472725
-0.501484
-1.03292
-0.594205
-1.60772
-1.60772
-1.91341
-1.47611
0.25121
2.29126
2.19399
1.45848
1.45848
1.52289
2.11734
1.47583
0.882245
-0.547734
-1.40747
-1.76115
-2.40561
-1.85246
-1.85246
-2.7135
-3.25696
-1.90115
-1.1049
-0.597515
-0.534732
-2.31805
-2.43945
-1.02938
-0.909405
-0.21284
-0.21284
-0.804564
-1.97372
-3.3564
-3.07005
-2.46004
-2.12622
-2.05446
-1.72688
-1.03792
0.20428
0.0388714
-0.405883
0.455897
0.688135
0.688135
0.688135
0.688135
0.835403
0.835403
0.835403
0.0645799
-0.949675
-1.17238
-1.0857
-1.18455
-1.18455
-0.98738
-1.09025
-0.660418
-0.660418
-0.0388889
-0.416333
-0.416333
0.0337579
-1.84387
-1.84387
-1.84387
-2.11586
-2.18932
-2.13583
-1.19177
0.384973
-0.701295
-1.36984
-2.07742
-3.11046
-3.11046
-3.54844
-4.69572
-3.04257
-4.68462
-4.67348
-4.67348
-3.66787
-4.26905
-3.79395
-3.79395
-4.19702
-4.74843
-4.17831
-1.82633
-1.82633
-2.22389
-1.40152
-2.13326
-0.830152
-1.05014
-0.81587
-0.591705
-1.42655
-1.60232
-1.27204
-1.27204
-2.43513
-1.13726
-0.987916
-2.37857
-2.40766
-3.20721
-3.30223
-4.44044
-4.6691
-4.6691
-5.62294
-4.5032
-4.50368
-5.52988
-5.75375
-6.02458
-6.02458
-5.79998
-5.69667
-5.69667
-5.22505
-5.22505
-5.22505
-4.21623
-3.90599
-3.90599
-2.39809
-2.32904
-2.86976
-4.18299
-5.30721
-5.77483
-4.67548
-4.6359
-4.6359
-2.83208
-3.05784
-2.66086
-2.06234
-2.71444
-3.02381
-3.96243
-3.12446
-2.81926
-1.4215
-1.291
0.012873
0.953512
0.945623
1.56908
1.07361
0.912075
0.672271
0.672271
0.581068
-0.121714
-0.341564
-1.00693
-0.321746
-0.347584
-1.25346
-2.19462
-3.51242
-3.59093
-4.26769
-3.83454
-3.74297
-3.33541
-3.83334
-5.38374
-4.98292
-6.316
-5.76021
-2.85385
-2.85385
-2.02439
-2.02439
-2.03087
-3.20048
-1.55757
-0.792635
-0.242751
-0.242751
0.609174
0.996143
-0.0518175
-2.39485
-1.91406
-3.59159
-4.81723
-4.76079
-5.68317
-6.36116
-6.39218
-6.3087
-6.44098
-6.36607
-6.36607
-6.36607
-6.21813
-5.04661
-5.04661
-3.33124
-2.34114
-1.70292
-2.07386
-3.18782
-2.56933
-3.3312
-4.13204
-3.87453
-4.44859
-4.5273
-3.60162
-3.45643
-3.76232
-3.34157
-2.96225
-2.67699
-2.5971
-2.11385
-2.56434
-2.61631
-2.61631
-3.74145
-3.04721
-3.41785
-4.58572
-4.90759
-1.89227
-1.24658
-0.143031
-0.143031
-0.143031
-0.33145
-0.762458
-0.733579
-0.733579
0.283176
0.575421
0.25472
1.35043
1.35043
1.96604
2.22721
3.39139
3.39139
3.54266
3.25453
2.80787
2.68812
1.24986
0.283773
0.671585
-0.835451
-0.835451
-0.835451
-1.18477
-0.865363
0.343219
0.343219
0.577085
-0.161063
-0.904804
-1.46618
-2.20277
-2.50776
-2.50776
-2.64221
-2.64221
-2.84296
-3.30544
-3.61711
-2.87496
-3.68831
-3.70417
-2.38321
-3.27462
-2.17956
-2.12327
-1.52653
-1.17751
-1.20345
-1.20345
-0.479374
-0.106666
-0.996074
0.353269
1.65094
2.16937
2.22813
2.5198
3.37466
2.96014
2.96014
2.41493
1.37288
0.486368
0.747812
2.14283
2.63386
1.89809
2.20938
2.39439
2.68986
2.68986
1.40331
1.8655
1.98154
2.18289
3.64006
2.67754
2.67754
2.94663
2.62677
2.62677
2.62677
-0.0215136
0.0628036
0.278081
-0.278545
-0.329582
-0.123769
-0.123769
-0.333052
0.264195
0.604263
0.842096
0.0477483
0.0477483
1.41205
1.41205
0.883905
3.06174
3.06174
3.20392
3.37711
3.82722
3.46346
3.27798
3.27798
2.61481
2.61481
2.61481
2.61481
2.42398
2.39865
1.53802
1.53318
1.41401
0.250656
0.458198
1.10906
1.79893
2.98899
2.98899
2.92115
2.92115
2.11717
1.97666
2.19048
2.19048
1.55797
2.15925
1.95771
1.68883
1.06749
1.29223
-0.617276
-0.594828
-1.77052
-1.23454
-2.00207
-1.17333
-1.84526
-0.58545
-1.20187
-1.633
-1.99014
-2.14867
-1.64218
-2.17692
-2.17692
-2.17692
-0.810082
-0.485372
-0.377132
-0.839023
-0.714531
-1.08609
-1.67932
-1.3238
-0.910351
-0.910351
-0.917067
0.335056
0.335056
-0.0101639
-0.0286154
-0.0286154
-0.84423
-0.84423
-1.12971
-0.555931
-1.14484
-0.71513
-2.0013
-0.466094
-0.466094
-0.832351
-1.44535
-1.8783
-1.3179
-0.413125
-1.63039
-0.533552
-1.33694
-1.93078
-2.70217
-2.6983
-1.47114
-1.47114
-2.60081
-2.52862
-3.23428
-2.60408
-2.48969
-2.48969
-2.33067
-1.38263
-2.90175
-2.86148
-2.71032
-2.4618
-2.86288
-1.48713
-1.1422
-0.575127
0.111664
0.031665
1.18531
1.04137
0.161138
0.363057
0.363057
0.389765
0.389765
1.04477
0.599023
0.438449
0.438449
-0.00527776
-0.00527776
-0.00527776
0.0348754
-0.196557
0.383261
1.90861
1.46308
0.785959
2.34634
1.75314
1.75314
1.22886
1.29029
1.29029
0.142286
-0.601312
-1.80363
-1.56841
-2.27499
-2.25456
-2.25456
-2.49927
-0.881458
-3.50266
-2.99102
-3.65424
-3.4753
-4.39627
-4.49229
-2.75975
-5.21526
-5.30742
-3.31187
-2.41297
-2.41297
-2.74571
-2.19566
-2.02892
-2.28008
-0.799844
1.23423
1.23423
1.23423
0.192359
-0.249558
-1.55026
0.143207
-2.91784
-2.0051
-3.47707
-4.06866
-2.18152
-2.1319
-1.92432
-2.72292
-3.6365
-3.36111
-0.902029
-1.06253
-2.18479
-2.1755
-2.22686
-1.65211
-0.897561
-1.72632
-1.87788
-3.90446
-3.90446
-4.26158
-3.81871
-3.85561
-2.88611
-2.88611
-2.88611
-2.54475
-2.35903
-1.6405
-0.693894
-0.0871676
0.258663
0.121398
-0.280704
-0.44222
-0.432982
-1.11682
-1.11682
-1.11682
-1.58216
-1.9114
-1.50052
-2.11101
-1.23464
-1.04875
-1.01574
-2.53046
-3.74767
-3.54009
-3.54009
-2.90885
-3.53265
-2.21908
-3.29992
-3.44566
-4.77562
-3.87218
-3.88467
-4.27038
-3.26312
-4.30942
-3.54144
-3.7801
-3.7801
-3.85774
-4.91518
-4.44824
-3.65501
-3.27632
-3.32437
-2.78059
-3.045
-3.61065
-3.8898
-4.3266
-3.50956
-2.63347
-3.32762
-3.32762
-3.32762
-3.09664
-3.68997
-2.6666
-2.25028
-2.038
-2.64249
-2.64249
-2.69264
-2.16687
-0.701525
-0.948537
0.203265
-0.337469
-0.345275
0.115857
-1.30072
-2.50678
-3.9432
-3.61416
-3.84448
-3.44277
-3.44277
-2.42632
-2.42082
-2.91636
-2.25546
-3.12383
-3.12383
-3.90355
-4.63227
-4.12882
-4.85411
-4.64442
-4.36805
-5.37881
-4.61933
-4.61933
-5.00566
-4.35051
-4.59165
-4.59165
-4.46793
-3.99179
-4.41222
-4.1971
-5.51705
-5.51705
-6.18969
-6.82804
-6.77059
-6.77059
-6.77059
-6.77059
-4.10417
-3.84763
-3.38947
-3.04742
-2.38325
-2.38325
-1.31318
-2.17721
-2.79365
-2.47898
-1.28261
-3.0891
-3.22217
-3.08136
-2.88074
-1.48635
-3.87779
-3.67782
-3.67782
-4.45031
-5.20053
-5.20053
-5.88789
-5.9841
-6.65093
-5.85811
-4.79636
-4.16182
-3.63997
-4.06216
-4.06216
-3.58218
-3.57103
-3.05633
-1.7589
-1.95874
-0.510163
-0.328587
-1.30241
-0.704336
-2.06179
-1.33278
-1.33278
-1.49607
-1.18519
-2.11926
-0.975901
-0.970895
-1.53608
-2.22008
-2.0515
-3.27444
-3.27444
-5.50558
-5.19774
-5.03873
-5.03986
-3.70826
-4.92111
-2.14189
-2.21062
-1.51276
-2.53376
-3.46154
-3.46154
-2.39142
-2.44669
-1.5453
-1.136
-1.06378
-1.06378
-3.49424
-2.34282
-2.21014
-2.21014
-1.54652
-0.949291
-2.18227
0.0585668
0.0585668
0.0585668
1.58447
0.19517
0.267924
1.80127
2.76965
1.79242
2.1857
2.1857
2.6306
1.02954
1.02954
1.54404
1.9223
-0.488361
-2.41081
-1.0502
-1.0502
-0.573247
-0.558914
-0.0453151
0.484964
0.169035
0.169035
1.16365
1.2849
0.503117
0.11931
0.11931
0.22088
-1.05973
-2.08346
-2.30417
-2.30417
-2.20263
-0.686762
-0.896087
-0.717139
-0.717139
0.119712
-0.806296
-0.218936
-0.218936
0.648229
0.648229
0.779509
2.0452
1.45705
2.43506
2.03695
1.72532
1.72532
1.32061
1.53347
1.06374
1.38316
0.542963
0.141983
0.141983
-0.406484
-0.406484
-0.945635
-0.945635
-0.945635
-0.945635
-0.945635
-1.7721
-3.03179
-3.9145
-3.9145
-2.59916
-1.25689
-2.20834
-3.68339
-4.33053
-4.52824
-4.06918
-2.22821
-2.7119
-3.8992
-2.97573
-2.93674
-2.92968
-1.47607
-1.9732
-2.16684
0.259768
0.383597
0.383597
-0.375554
-0.174203
-1.01092
-0.498821
-2.47973
-1.19713
-1.19713
-1.19713
-1.16348
0.151386
-1.45174
-2.71763
-3.26001
-0.64732
0.607727
-0.647626
-0.647626
-1.17793
-1.85656
-2.09629
-2.39507
-1.88816
-2.08578
-1.87888
-1.87888
-2.85799
-4.71686
-4.99565
-4.50278
-4.11001
-3.65979
-3.01919
-2.05261
-0.961784
0.154623
-0.471989
0.315253
-0.415232
-0.522087
-0.2582
0.523677
-0.909909
-0.909909
-1.66235
-1.9561
-3.66072
-3.29494
-3.29494
-2.37329
-2.25952
-3.29681
-1.10402
-1.10402
-1.0819
-1.28043
0.12407
0.566899
0.566899
0.128914
-0.285542
-0.285542
1.1448
-0.902128
-1.27648
-1.27648
-1.4165
-1.4165
-1.37806
-0.0923351
-0.0923351
0.194284
-1.02895
-1.86616
-3.36806
-4.81087
-4.81087
-4.81087
-4.4358
-3.47565
-3.19125
-1.99492
-3.14066
-2.98316
-3.55999
-3.76573
-3.35607
-2.3279
-1.80018
-2.64998
-2.40994
-3.16995
-2.28578
-2.37813
-2.82192
-0.948687
-0.341075
-0.440313
-0.507441
0.779975
0.544809
1.00411
0.732654
0.732654
0.732654
2.38968
2.38576
2.33306
1.42005
1.31462
1.26389
0.406534
-0.305379
-0.00366605
-0.00366605
-0.00366605
1.29328
1.29328
-0.825928
-0.355341
-0.355341
-0.953605
-1.12852
0.312545
0.666301
-0.493055
-0.634546
-0.555832
-0.700219
-0.700219
-0.501254
-3.51229
-3.51229
-3.51229
-3.51229
-3.82416
-3.82416
-4.58601
-4.0618
-4.15386
-5.40192
-5.40192
-4.82543
-3.14463
-3.91323
-3.91323
-4.36301
-4.36301
-4.36301
-3.45037
-3.45037
-4.13387
-3.58546
-3.58546
-1.86936
-3.29326
-1.76219
-2.04919
-2.83741
-3.37709
-3.37709
-3.3362
-1.16347
-2.89433
-3.389
-2.35131
-1.72296
-1.72296
-1.98285
-1.98285
