-1.15467
-1.05137
-0.698532
-1.30113
-1.35083
-1.98073
-1.98073
-0.956096
-0.371675
0.0253605
-0.0743029
-0.0743029
-0.0743029
-0.624623
-0.870222
-3.33311
-2.9274
-3.48605
-2.37842
-1.9873
-1.28309
-0.018845
0.795783
0.440309
1.42932
1.42932
1.42932
1.91326
1.44368
1.9032
0.958966
0.729232
-1.19574
-1.28681
-1.3528
-2.74387
-2.20738
-2.38724
-0.920194
-0.160487
-1.18045
-1.90568
-3.13661
-3.13661
-4.29542
-4.8616
-4.39207
-3.30731
-1.35583
-2.37285
-0.851189
-1.84274
0.318798
0.97312
-0.740804
-0.740804
-1.58998
-1.66725
-0.399171
-2.49169
-2.76926
-0.460657
0.357803
-0.206766
-1.83553
0.253642
0.253642
-1.68193
-2.06336
-1.74831
-2.43591
-2.71923
-3.04627
-1.77297
-1.60553
-2.48939
-1.1812
-0.477149
-1.11629
-1.77768
-1.00951
-1.00951
0.648837
-0.0239177
-0.516147
-0.516147
-0.764091
-2.08314
-2.1153
-3.72217
-3.72217
-3.27948
-3.31033
-1.07596
-0.379454
-0.186327
0.408154
-0.250973
0.0551709
0.0551709
-0.121814
-1.08334
-1.90253
-2.81724
-2.10413
-2.12069
-3.0527
-3.0527
-3.31595
-1.99895
-2.362
-0.058066
-1.45516
-1.45516
-3.03204
-2.45945
-4.62522
-4.62522
-4.62522
-4.83137
-5.84855
-6.11363
-6.06853
-6.99076
-6.8419
-7.24095
-7.41257
-5.746
-5.746
-5.61061
-5.55201
-4.8981
-4.48833
-5.3232
-4.42707
-4.8912
-4.6205
-4.89665
-4.23668
-3.36946
-2.86337
-3.73925
-2.23668
-2.57641
-0.668164
-0.668164
-1.16361
-1.16361
-2.31555
-3.24683
-2.12683
-2.04387
-2.04387
-0.684959
0.808824
0.54968
0.235849
0.127566
0.161504
-1.95779
-2.70462
-2.95257
-3.54484
-3.029
-1.21683
-2.48006
-2.37268
-3.86815
-3.83834
-3.90832
-3.90832
-4.27018
-4.27018
-3.29309
-3.00289
-3.00289
-3.00289
-2.55418
-2.60343
-3.75119
-3.13712
-2.99042
-1.40791
-2.0252
-3.02899
-3.02899
-2.29664
-4.27632
-4.87837
-5.49357
-4.05154
-3.78283
-3.78283
-4.103
-4.83601
-3.39853
-3.39853
-3.93516
-2.04327
-2.62258
-2.07784
-2.86068
-1.58255
-1.76754
-1.76754
-2.26691
-3.03966
-2.40145
-2.00554
-1.60805
-0.903094
-1.60368
-0.416302
-0.416302
-0.0421655
-0.519343
-0.464785
-0.464785
-0.464785
-0.370907
-0.587884
0.567448
-0.257671
0.269485
1.30321
1.30321
1.30321
-0.281747
-0.0370949
0.278643
1.26334
-0.0345698
0.693594
1.3117
0.962372
1.94689
1.68367
0.907695
0.907695
0.963214
0.335936
0.233244
-0.0240054
0.595668
0.595668
0.595668
0.595668
0.464686
-1.02588
-1.25888
-1.17689
-0.168723
0.384513
-1.05375
-2.10776
-0.660008
-0.781085
-1.38923
-1.38923
-0.339966
-0.595923
-1.17875
-0.359983
-0.282316
-1.17276
1.43946
1.43946
-1.90317
-3.53772
-3.04016
-3.04016
-2.25046
-2.63552
-3.51561
-3.54399
-3.58095
-2.34776
-2.02894
-0.367105
0.70773
0.70773
-0.387222
-1.0069
-2.72065
-3.5489
-3.77108
-3.61613
-3.78955
-2.52853
-2.52853
-1.40399
-2.88886
-3.41734
-4.08391
-2.58137
-2.77728
-3.22092
-4.07369
-3.22587
-3.45969
-3.80214
-3.62589
-3.62589
-3.29463
-3.29463
-1.17497
-1.25883
-2.95206
-1.55276
-1.90725
-2.54599
-3.7319
-3.7319
-3.7319
-3.90561
-3.65198
-5.36182
-5.36182
-3.42171
-3.63291
-2.77596
-2.77596
-1.9358
-0.999433
-0.67207
-2.76219
-2.87973
-2.47094
-2.71351
-2.47374
-2.98062
-2.30719
-2.94345
-0.723396
-1.00887
-0.921032
-1.41079
-0.672667
-0.758994
-2.01024
-3.0437
-3.0437
-2.75227
-3.20805
-2.84993
-2.84993
-2.98377
-2.90777
-2.50846
-2.42157
-3.59352
-4.5261
-5.06942
-4.77392
-4.77392
-3.46049
-2.35596
-1.7764
-0.97551
-0.253653
-0.23591
-0.0126493
-0.229183
-0.321829
-2.88269
-2.4693
-2.29973
-3.62971
-3.8479
-2.66213
-2.37952
-3.09735
-3.09735
-3.68896
-4.11012
-4.11012
-2.0684
-2.06135
-2.06135
-1.94807
-0.522946
-0.605817
0.456316
0.752417
0.219053
0.219053
0.957666
0.957666
0.957666
0.957666
0.0129316
-2.04576
-0.0156246
-0.609752
-0.846099
-0.836845
-1.50113
0.00434854
0.100191
0.570819
0.895147
0.895147
0.895147
0.121017
0.121017
-2.99044
-3.81967
-3.97772
-5.34627
-3.21808
-3.52469
-3.35509
-3.44192
-2.14052
-2.14052
-3.72732
-3.14155
-2.59184
-2.59184
-3.37619
-2.58282
-2.24955
-2.76656
-1.74183
-3.21735
-1.58839
-1.8214
-1.8214
-4.09316
-4.09316
-4.09316
-4.11677
-4.4982
-4.52407
-3.25124
-2.87371
-2.87371
-2.42288
-2.55644
-2.92153
-2.92153
-2.92153
-3.0642
-3.30876
-3.30876
-4.10718
-4.60055
-4.39784
-3.89295
-4.4889
-4.4889
-4.06324
-4.55234
-4.6036
-2.83973
-2.54979
-2.54979
-1.87274
-1.18999
-1.84172
-3.41444
-1.8783
-1.80928
-1.7934
-1.38605
0.0229866
1.15066
2.20936
1.41005
0.678471
0.35799
-0.5911
-0.5911
0.521372
0.878858
1.25369
0.00591452
0.312955
-1.00572
-1.68635
-2.23205
-2.21755
-2.22693
-1.9748
-1.35226
-0.862583
-0.862583
-1.55361
1.17753
1.03108
1.69851
0.960025
1.01643
0.774043
0.0355104
-1.3676
-1.3676
-2.30545
-2.61121
-2.90338
-2.53015
-2.53015
-2.03972
-1.53811
-2.38362
-2.33108
-2.53108
-3.47548
-5.67031
-5.67031
-3.93208
-3.6177
-3.55322
-3.54591
-5.12468
-4.54713
-4.82936
-4.931
-5.09329
-4.2499
-3.19744
-1.76115
-1.86457
-1.86732
-2.73586
-2.1906
-1.93948
-1.99673
-1.55228
-1.59514
-0.350368
0.464752
-0.675334
-2.04813
-2.0962
-1.62308
-3.70382
-3.08019
-3.08019
-2.45716
-2.30919
-2.12699
-0.905756
-0.905756
-0.0238615
0.448352
0.448352
0.448352
0.970703
0.970703
1.04347
1.04347
-0.497881
-1.33325
-1.33325
-0.877401
-0.877401
-1.14181
-1.14181
-1.14181
-1.14181
-2.8845
-2.42834
-3.52641
-3.07101
-1.77272
-1.3052
-0.959485
-0.959485
-1.86632
-1.8136
-1.8136
-1.96387
-1.94102
-2.89255
-2.44055
-1.36895
-1.36895
-2.15983
-2.88523
-2.66767
-2.33637
-2.33637
-1.59169
-2.20555
-2.24082
-2.02228
-1.43245
-1.74985
-3.26231
-1.99449
-2.98952
-4.60986
-3.97581
-3.97581
-5.50164
-4.70058
-4.70058
-4.67925
-4.67925
-3.49172
-3.24196
-3.24196
-3.25211
-2.24335
-2.24335
-3.1116
-3.58013
-3.50974
-2.80904
-2.02581
-3.38166
-2.33435
-1.25899
-1.42736
-2.41271
-2.17659
-2.14641
-2.20503
-0.686726
-1.48418
-0.644388
-2.92063
-2.98316
-3.4846
-3.71569
-3.534
-3.75804
-3.6079
-5.98311
-5.09057
-3.43511
-1.77229
-1.77229
-2.13558
-3.84026
-3.55567
-3.91706
-3.18662
-2.66209
-3.08517
-4.02059
-5.186
-5.65249
-5.65249
-5.65249
-7.04766
-7.04766
-6.92514
-4.84169
-3.8717
-3.8717
-3.42547
-5.43504
-3.27492
-2.42733
-3.03409
-3.14218
-2.53984
-0.742086
-1.27346
-1.20423
-3.32959
-4.33343
-4.93729
-4.97215
-2.76987
-2.86494
-2.42312
-2.74088
-1.61406
-1.85338
-3.43201
-2.12093
-1.94478
-3.0862
-3.25042
-3.69972
-2.92799
-3.08827
-3.08827
-4.73974
-4.67314
-4.57195
-3.78522
-3.78522
-5.52753
-5.52753
-4.62468
-4.28171
-4.72587
-4.72587
-4.72587
-5.2852
-3.84974
-3.83806
-2.84303
-3.37427
-2.89114
-2.16002
-3.81757
-3.03587
-2.52456
-0.833741
-0.975693
-0.975693
-1.90044
-3.44002
-2.90742
-2.26563
-1.52046
-0.950384
-0.950384
-0.309042
-0.309042
-0.309042
-0.534797
1.02172
-0.487506
0.512209
1.05294
2.11781
2.51156
2.57486
2.87976
2.08232
2.41142
0.70344
1.07556
1.12145
1.12145
0.328414
-0.802811
-1.66345
-1.97848
0.489703
-0.494292
-0.494292
0.104429
-0.913579
-0.922486
0.211835
2.29623
2.05936
2.05936
2.05936
1.24837
1.29739
1.95544
1.9373
2.08899
2.14044
2.83937
3.03662
2.59321
1.26086
1.26086
1.26086
1.26086
1.17816
0.765333
2.04873
1.05948
1.21081
0.890716
-0.0220454
0.229524
-1.33561
-1.72929
-2.00008
-0.916862
-2.10426
-0.734398
-0.734398
-1.5262
-2.21382
-1.46697
-0.51124
-0.468731
-0.0620887
0.384736
-0.20893
-0.20893
-0.138842
-0.14455
-0.258213
0.663876
0.3261
-0.848877
-0.465546
-1.85398
-1.42488
-2.44377
-2.47694
-1.51666
0.267429
-0.486733
-1.95435
-3.03784
-5.2312
-5.90259
-5.16797
-5.16797
-5.27677
-3.8648
-2.72043
-2.84158
-1.56137
-1.56137
-0.0123308
0.104177
0.225348
0.882367
-0.237544
-1.43154
-0.517414
0.249326
-1.0862
-2.41839
-1.33352
-0.412017
0.196537
0.869396
-0.57635
-0.348273
-1.47039
-1.04048
-2.50892
-2.07214
-1.55957
-2.26052
-2.25224
-2.45421
-3.71107
-4.72218
-4.09402
-2.07894
-2.66815
-1.47117
-1.86395
-1.72492
-3.59192
-3.59192
-3.00527
-1.8415
-1.15297
-0.076741
-0.882882
-0.538581
-1.07272
-0.808311
-1.13677
-2.56837
-2.56837
-2.56837
-2.2359
-2.2359
-2.02644
-2.72077
-3.42114
-3.77871
-5.09999
-5.09999
-5.09999
-4.39456
-4.2385
-3.79922
-2.76774
-2.14394
-2.50643
-2.50643
-4.00516
-4.07622
-2.41801
-3.51443
-3.97257
-3.59792
-2.99922
-1.56186
-0.974285
-1.28945
-1.77226
-1.77226
-3.24951
-4.14908
-4.14908
-3.4414
-3.4414
-3.4414
-2.71535
-2.71535
-3.32022
-3.32022
-4.51011
-4.06033
-4.36867
-4.36867
-4.57862
-5.35919
-5.43986
-4.52901
-4.52901
-3.50175
-5.19993
-3.77757
-3.03504
-2.60069
-2.08716
-2.08716
-0.569096
0.431775
0.861631
0.682751
2.43707
2.7169
3.89621
3.89621
2.90561
2.90561
2.90561
2.90561
3.50375
2.3636
2.3636
4.02784
2.55748
1.31936
0.753744
1.1099
0.456387
-0.652368
0.365368
-0.9415
-2.1947
-2.1947
-1.46961
-1.46961
-1.60941
-0.633669
-1.06123
-1.06123
-1.06123
-1.96612
-1.56412
-1.56412
-0.649075
-0.649075
1.35054
0.596427
-0.225452
-0.683358
-0.711659
-1.02807
0.271484
0.541666
-0.695557
-1.63306
-2.15869
-2.15869
-1.52432
-0.627211
-0.0297557
-1.00738
-0.446987
-1.86083
-1.4247
-2.1248
-0.953293
-1.93159
-1.3458
-0.658204
-0.836889
-1.99074
-3.33851
-3.33851
-2.25531
-2.28137
-2.28872
-1.45223
-2.35083
-1.40113
-2.31108
-1.92243
-0.914676
-1.09878
-0.763335
1.90373
1.90373
1.5655
1.5655
0.561111
0.686181
0.688404
0.973737
0.450891
-0.253006
-0.591341
-0.692119
-1.23854
-1.14424
-2.29791
-1.72481
-3.22489
-2.92817
-3.54879
-2.47997
-2.59883
-3.15612
-3.67808
-2.90509
-2.44035
-3.63967
-3.86991
-4.04592
-3.99278
-3.99278
-5.04904
-4.84762
-4.39335
-5.40632
-5.8869
-4.91901
-4.7161
-3.65347
-4.79035
-4.79035
-4.45225
-4.45225
-4.43357
-4.43357
-4.08246
-4.5438
-4.35805
-4.55171
-4.55171
-4.10642
-4.11778
-2.39226
-1.65958
-1.13856
-2.01303
-2.44924
-1.93553
-1.93553
-1.20786
-1.40632
-4.00734
-4.6136
-3.11091
-2.38122
-3.56453
-4.42948
-4.35762
-4.50088
-4.86148
-2.98277
-2.29495
-1.89134
-1.81438
-1.81438
-2.80169
-2.49323
-2.4743
-2.55923
-2.43842
-2.04773
-2.637
-3.69046
-3.69046
-4.81856
-4.82818
-4.91586
-5.35883
-5.35883
-4.3808
-4.94897
-4.94897
-3.33636
-3.49795
-3.46535
-3.23611
-3.21713
-2.46565
-2.22059
-3.16355
-2.97694
-2.05996
-1.80824
-1.26888
-0.355823
-0.669015
-1.03569
-1.03569
-0.944396
-1.91515
-2.44613
-3.68527
-4.31789
-4.31789
-3.79868
-3.43036
-4.76008
-4.76008
-4.79444
-4.49644
-4.76754
-5.08824
-5.08824
-6.29881
-6.21875
-5.47314
-5.47314
-5.57633
-5.57633
-5.57633
-5.67267
-5.67267
-6.66605
-6.66605
-6.66605
-6.72133
-5.57411
-4.21575
-3.30522
-3.73251
-3.49381
-3.12076
-3.73922
-2.66109
-4.29645
-4.29645
-2.75763
-2.46372
-2.80721
-2.51947
-1.34723
-0.352056
-0.399907
-0.158547
0.199138
0.269005
-1.06077
-1.59846
-2.10599
-3.48568
-2.99403
-1.36
-1.22868
-1.14593
0.0369686
0.223446
-1.36429
-1.7299
-1.23689
-1.19339
-1.19339
0.213153
-0.603299
-1.1316
-2.55315
-4.31236
-4.9355
-3.94213
-3.97358
-3.97358
-4.16507
-3.35999
-4.12404
-4.12404
-5.02721
-5.02721
-5.44987
-3.99866
-3.52283
-3.52283
-3.24409
-1.76615
-2.48023
-2.13096
-2.13261
-2.57476
-2.70266
-1.41988
-1.91254
-2.59589
-2.28025
-1.04305
-2.16278
-2.16278
-1.63299
-1.20679
-1.59293
-1.59293
-1.06768
-0.830021
-0.822999
-0.505253
-0.944963
-2.1744
-3.70654
-3.7452
-2.62317
-3.38577
-3.38577
-3.38577
-3.84864
-2.68743
-3.36967
-3.3644
-2.04925
-1.82311
-2.07221
-3.01602
-3.58611
-3.02331
-2.73797
-1.37789
-1.37789
-2.33997
-1.78276
-1.72888
-2.88809
-2.57965
-1.58547
-1.56045
-2.19225
-2.19225
-3.28138
-3.48765
-4.62702
-4.97052
-3.83756
-2.18273
-2.18273
-3.49028
-2.41542
-2.39363
-3.54433
-3.87171
-1.97629
-0.537291
-1.43017
-1.84449
-1.57717
-2.85557
-2.87187
-2.87187
-2.42121
-2.46618
-2.29022
-1.76127
-1.30598
-1.42765
-2.60157
-1.85584
-1.50153
0.00465645
-0.500663
-3.55428
-4.16379
-3.36135
-4.31458
-4.64598
-4.84482
-4.21933
-2.64728
-3.2268
-3.05436
-2.88774
-1.30503
-1.5148
-1.82906
-1.66873
-1.24602
-1.58329
-3.03266
-3.0722
-2.61703
-2.92795
-0.841547
-1.04327
-0.0743625
0.0780253
-0.39377
-0.464403
-2.22124
-2.11103
-2.11103
-1.20038
-0.36661
-0.257
-0.449207
-1.79891
-1.06217
-0.573065
0.410101
-1.36306
-1.36306
-2.55229
-1.70794
-0.112243
-0.112243
-0.163483
0.230599
-1.14273
1.32201
1.71112
1.43651
0.514234
0.514234
-0.183758
0.199438
0.0677845
0.0174121
0.0174121
0.0174121
-0.952568
-0.909307
-1.09232
-1.03857
-1.11502
-0.716566
0.221493
1.04024
1.34272
-0.128357
0.549347
0.549347
0.264606
-1.59006
-2.02247
-1.01577
-2.20952
-2.07328
-2.07328
-1.17147
-0.0264984
-2.20241
-1.93586
-1.77772
-1.29518
-2.57215
-1.64091
-1.67344
-1.09894
0.422946
-0.547907
-0.779756
-2.31388
-1.68108
-1.68108
-2.77521
-4.0694
-4.0694
-3.68755
-2.70081
-3.23726
-6.36467
-6.36467
-6.36467
-5.64845
-5.29182
-5.73884
-5.62058
-5.93821
-5.60814
-4.54399
-4.40208
-5.05109
-4.73946
-4.73946
-3.35798
-2.11801
-1.61324
-1.2518
-2.62992
-0.791938
-0.791938
0.23219
1.16957
-0.150503
-0.437491
0.61458
0.660426
-0.899443
-0.563264
-0.563264
-0.695218
-1.77798
-1.26691
-2.53244
-2.06393
-2.3793
-2.01254
-0.192348
-1.42871
-0.424613
0.483404
0.108932
0.730103
-2.19893
-1.57188
0.431897
0.474139
-0.645782
-1.84327
-0.342802
-0.342802
-2.19057
-1.28155
0.641275
0.641275
0.641275
0.641275
0.424798
0.424798
0.545472
-0.0822477
-1.11722
-1.11722
-0.59683
0.710057
1.25203
1.25203
1.25203
1.25203
0.622932
-0.294499
-0.294499
-0.294499
0.309775
0.309775
0.309775
-0.679863
-0.679863
-0.410856
-0.994283
-1.18412
0.488462
1.00071
0.82573
0.82573
1.12866
0.985205
1.19289
0.326964
-0.501463
0.57195
0.994191
1.38019
2.01795
2.08208
2.30514
3.61386
3.60649
3.11349
3.56093
3.34684
4.03382
2.82223
4.07295
3.769
2.0692
1.5123
1.07222
0.38769
-0.441226
0.398626
-0.317072
-0.398886
-0.0186472
0.731969
0.731969
0.0592185
-1.64093
-0.686034
-1.12174
-2.06998
-0.851325
-1.10139
-1.72851
-1.59498
-0.942185
-0.942185
-0.697849
-1.29926
-1.29926
-2.08851
-2.34596
-2.8702
-3.03312
-3.71612
-2.53046
-2.66456
-2.3613
-0.469109
-1.30288
-2.27807
-1.04071
-1.04014
-1.31567
-0.584447
-0.885145
-0.885145
-0.416404
0.404461
0.26104
0.745612
0.49284
0.49284
1.0516
0.375682
0.937311
0.581936
-0.149034
-0.318097
-0.664593
-1.65425
-0.868428
-0.868428
-2.13344
-2.45979
-2.45979
-3.38779
-3.34893
-1.76497
-0.354607
-0.101173
-1.45774
0.127536
0.691427
0.691427
0.691427
-0.437108
-0.437108
-0.751216
-1.11388
-2.88407
-2.59103
-0.956724
-0.80227
-1.50979
-0.769902
-2.67254
-2.26397
-3.40346
-3.40346
-3.89203
-3.77098
-4.18205
-3.63077
-2.72908
-1.08872
-1.2226
-0.268097
0.266277
0.162377
1.34116
0.662813
-0.166975
-0.369995
-0.535951
-1.31129
-0.741822
-0.342356
-1.0049
-1.10909
-0.911617
-2.7556
-2.57388
-2.57388
-1.47293
-2.17439
-1.37987
-1.32129
-0.350168
-0.350168
-1.53009
-1.34796
-2.74611
-3.65821
-1.98798
-2.02866
-2.02866
-1.59938
-2.38005
-2.53085
-1.60222
-3.85706
-3.85706
-2.09403
-1.74933
-1.94722
-1.38562
-1.59515
-1.64591
-1.64591
-1.22098
-0.453755
0.377753
1.52189
0.845803
-0.134228
-1.8003
-1.8003
-2.73095
-1.83304
-2.03105
-1.81076
-3.34327
-3.59466
-4.6215
-4.6215
-4.15097
-2.49574
-2.73098
-2.5354
-2.5354
-0.798598
-0.798598
-1.2632
-1.2632
-1.2632
0.972945
1.93785
1.93785
1.93785
2.37011
1.30756
0.548878
-0.245378
-0.245378
-0.247309
-0.824629
-0.245354
-0.245354
-0.800402
0.160094
-1.18944
-0.922229
-0.853896
0.00952409
0.36178
-0.134422
0.860777
0.860777
0.860777
0.181387
-0.103205
-0.103205
-1.59097
-2.55396
-3.69401
-4.97036
-3.18596
-3.03777
-1.75363
-1.75363
-2.55035
-3.36424
-4.1005
-4.08317
-2.76965
-3.48905
-3.99243
-2.44641
-2.08042
-1.45072
-1.99512
-1.99512
-3.16603
-3.59994
-5.23688
-3.88766
-3.09728
-2.65164
-2.11157
-2.66105
-3.67228
-3.30841
-3.30841
-2.73575
-2.4921
-2.4921
-3.14562
-3.54911
-3.43126
-3.06513
-3.06513
-3.59064
-4.66692
-4.43441
-4.02265
-4.02265
-3.47723
-2.44539
-1.54169
-1.48191
-1.03567
-0.603074
0.153819
-0.904979
-0.904979
-0.860923
-0.99669
-0.391073
-0.391073
0.376618
1.30274
0.680042
-0.350094
0.0412848
0.718339
-0.521147
-0.521147
-0.991485
-1.80115
-2.74711
-2.48619
-3.0354
-3.54723
-3.54723
-4.19941
-3.60856
-2.67511
-0.816464
-0.588654
-0.900099
-0.944865
0.242047
-0.907099
-0.907099
-0.527269
-1.51811
-1.73277
-1.47848
-1.91092
-1.91092
-0.757236
-2.7225
-1.79706
-0.410613
0.23211
-0.598756
-1.51138
-1.47631
-1.47631
-1.43339
-2.58854
-3.45018
-2.28277
-2.58467
-0.767637
-0.978305
-1.41974
-0.789883
-0.992411
-0.82453
-1.40502
-1.36797
-1.38498
-1.85657
-1.5775
-2.04005
-2.80949
-3.87307
-4.38238
-4.32747
-4.68789
-4.68789
-4.78299
-4.65064
-2.57607
-3.035
-1.42685
-0.634315
-0.398681
-0.398681
-0.165071
-0.165071
1.77985
2.30241
2.86297
2.86297
2.82151
2.16318
2.60773
2.25705
2.30984
1.28914
1.8404
0.420085
0.420085
0.299833
-0.907848
-0.907848
-0.609688
-0.609688
-0.609688
-0.848088
-1.28365
-3.69124
-3.47036
-1.47753
-3.32179
-3.32179
-2.5453
-1.90109
-2.70154
-1.44755
-0.582705
-0.582705
-0.28296
0.895923
0.895923
0.222109
-1.10865
-0.560987
-1.22149
-1.22149
-1.46224
0.250223
0.250223
-1.5469
-1.12618
-1.95622
-1.24715
-1.11287
-0.78685
-1.15771
-1.21777
-3.05809
-4.2425
-4.14753
-3.82624
-4.25239
-3.7077
-4.81224
-5.46513
-4.17697
-1.29273
-0.111676
-1.51048
-0.608365
-0.608365
-0.608102
0.000829685
-0.142147
-0.246243
-1.13026
-2.57046
-2.4805
-2.03135
-2.37762
-1.56868
-1.36027
-0.994143
0.586621
0.586621
-0.132392
-1.56858
-1.84164
-1.78776
-1.51909
-1.97752
-2.41425
-3.18758
-3.47006
-3.21
-3.36261
-3.36261
-2.39025
-1.40624
-1.82665
-1.57522
-4.22142
-1.93524
-0.456905
0.48944
0.531491
-0.837256
-0.895612
-1.96348
-3.10032
-3.10032
-3.7231
-5.66744
-5.50902
-5.69297
-4.8713
-3.3477
-1.83014
-0.844714
-0.26703
-1.23312
-0.851369
-1.69318
-1.69318
-2.24888
-1.17455
-1.11624
-1.83366
-0.558885
-0.888616
-0.888616
-1.76823
-2.07114
-1.7099
-2.09247
0.264484
-0.853201
-2.48676
-1.56508
-1.7245
-2.23312
-3.36092
-4.79253
-5.46104
-4.77847
-3.3791
-3.22709
-4.64985
-5.15322
-4.67665
-4.18004
-4.42386
-4.42386
-4.04762
-4.48834
-4.60384
-3.34143
-2.51075
-2.91215
-2.91215
-2.98928
-1.92965
-1.84345
-2.30678
-2.30678
-1.12818
-2.11217
-2.59643
-2.88677
-3.51348
-2.73683
-3.75659
-4.53251
-5.50815
-6.15011
-5.07777
-4.20426
-4.06531
-4.18745
-4.18745
-3.72358
-3.35581
-3.35581
-2.60468
-2.66643
-2.82247
-2.46368
-3.01951
-4.3104
-4.69947
-4.69947
-3.23901
-2.41367
-2.14747
-3.17085
-4.89593
-5.36301
-5.36301
-4.77142
-4.83286
-4.82246
-6.00352
-5.43631
-5.43631
-4.53199
-4.53199
-3.30239
-3.30239
-3.30239
-3.92863
-2.5809
-2.85492
-3.15797
-4.16511
-4.17402
-2.56303
-2.43418
-3.92765
-3.92765
-3.04731
-5.68116
-5.65661
-5.27009
-4.92321
-4.92321
-4.92321
-4.92321
-4.92321
-4.00672
-3.97686
-3.99538
-3.99311
-4.00252
-2.27021
-2.42654
-2.42654
-0.758526
-0.758526
-0.758526
-1.38919
-0.911044
-0.00725607
-0.818806
0.124594
0.341028
-2.20296
-1.45867
-0.271489
-1.46534
-0.206559
-1.36969
-1.36195
-1.63711
-3.39072
-3.47884
-3.4938
-3.49139
-1.63323
-2.80483
-2.90637
-2.47754
-2.07343
-2.09189
-1.81804
-1.90289
-1.39904
-1.32054
-0.917851
-1.36269
-0.724744
-0.281378
-0.281378
-0.785527
-1.56009
-0.513294
0.428895
0.663963
-0.441337
-0.621559
-0.621559
-0.068219
-1.02964
-1.5853
-1.5853
-2.59693
-2.07819
-2.34347
-1.92627
-2.17286
-3.69303
-4.38222
-3.06503
-3.43447
-3.48685
-3.58919
-5.02542
-5.02542
-5.02542
-5.02542
-5.02542
-4.96912
-6.14609
-6.14609
-6.14609
-5.6512
-6.69973
-6.69973
-6.9363
-5.45013
-5.45013
-5.98713
-6.02132
-5.98698
-5.0963
-4.36419
-4.36419
-4.36347
-3.88866
-3.85632
-5.1712
-5.1712
-5.17596
-4.14555
-4.91046
-6.09696
-6.09696
-3.59025
-1.80878
-1.42911
-1.74178
-1.8876
-1.25083
-1.26249
-1.29234
-0.791958
-3.61593
-4.48065
-5.29335
-5.29335
-4.49995
-2.24231
-1.96036
-1.97156
-1.97156
-1.98228
-1.92317
-2.29314
-0.256747
-2.18742
-0.227476
1.1092
2.41462
2.41462
1.02852
2.50832
2.50832
2.4672
2.73599
2.73599
2.73599
2.02021
1.36005
1.36005
1.29062
-0.0512962
1.11221
1.32975
0.772336
0.772336
-0.938242
-1.04378
-1.68879
-1.23398
-1.9326
-0.744227
-1.46491
-1.35011
-2.5882
-2.5882
-2.11704
-1.48754
-2.6006
-1.12475
-1.44798
-1.17006
-2.59551
-2.43538
-3.52129
-3.57122
-3.72851
-3.72851
-2.42896
-1.68997
-1.15947
-1.19356
-0.242966
0.582018
1.43266
1.43266
2.80619
1.60993
1.85214
1.03393
0.441723
0.441723
0.0173627
1.045
1.52276
1.52276
0.811675
0.845245
0.845245
0.768137
1.65032
1.65032
1.65032
2.04986
2.04986
0.0941908
0.964213
-0.246503
1.83931
1.83931
1.60409
1.60409
1.25376
1.53449
1.12753
0.692607
0.447737
-2.4045
-4.56581
-4.56581
-4.96167
-4.77765
-5.53218
-5.53218
-5.53218
-5.45887
-4.82107
-3.17297
-1.75179
-0.665553
0.50005
0.194523
0.247337
1.31253
0.118324
0.402938
0.205698
0.205698
0.123175
-0.687931
-0.687931
0.441206
-0.332938
-0.332938
-0.399015
-0.446151
-0.446151
-0.926887
-1.9671
-1.9671
-2.11647
-2.20659
-0.252179
-0.252179
-0.252179
-1.34283
-1.98417
-2.78026
-1.79888
-2.37049
-2.37049
-3.87336
-3.98531
-3.98634
-3.92267
-3.62827
-2.6715
-2.6715
-2.98393
-0.746031
-1.57912
-1.18212
-1.07514
-1.21715
-2.5801
-2.5801
-2.5801
-3.57066
-2.21416
-2.21416
-1.73771
-2.44153
-3.90888
-4.24639
-5.13065
-6.50263
-5.99574
-7.57073
-7.51227
-7.17635
-6.95851
-6.95851
-6.54311
-6.95614
-6.16007
-6.05085
-6.05085
-5.46327
-5.15163
-5.30476
-5.30476
-3.55827
-3.25088
-3.46834
-4.41354
-4.41354
-4.98351
-4.25823
-4.1713
-4.1713
-5.18479
-5.34056
-5.8961
-5.8961
-6.20863
-4.79409
-4.01259
-4.19352
-3.68359
-4.24862
-3.16793
-3.16793
-3.47424
-3.47424
-2.99424
-3.73336
-3.84114
-4.1212
-2.51425
-1.26468
-1.26468
-2.4686
-2.71831
-2.91491
-2.80606
-2.80606
-1.87694
-2.03792
-1.69768
-1.69768
-0.705411
-1.02178
-0.886612
-1.23573
-1.08052
-1.08052
-1.06065
-1.19445
-1.79439
-3.21046
-3.21046
-4.2664
-4.2664
-5.10936
-5.10936
-4.67476
-4.27399
-4.7582
-4.7582
-3.87306
-1.37891
-1.726
-1.95017
-1.70432
-0.372625
-0.506092
-0.826471
-0.826471
0.553914
0.146548
-0.379553
-0.704204
-0.454177
0.211259
-0.819683
-2.50257
-2.17845
-3.27522
-3.41551
-4.85135
-4.85135
-4.83107
-4.79664
-4.69768
-4.52936
-2.89936
-2.74089
-1.77212
-3.18826
-3.25984
-2.42137
-3.90215
-5.19583
-4.41073
-4.88877
-3.72539
-4.19429
-2.81766
-1.36515
-1.46556
-1.62391
-1.70269
-0.0599354
-0.0407133
0.22573
-0.313092
-0.313092
-1.3775
-2.58268
-2.78355
-2.78355
-1.82158
-1.72668
-2.22759
-2.63466
-2.71445
-2.30338
-3.52057
-1.26888
-0.773302
-0.773302
-0.859773
-0.413152
-0.815133
-2.32966
-2.32966
-2.77992
-2.70576
-2.05133
-3.30507
-2.74875
-1.41023
-0.84441
0.256308
0.0903899
1.56971
1.56971
0.982214
1.42931
1.47572
1.6424
1.16031
0.922057
0.552192
-0.214666
-0.484286
-0.484286
-0.484286
-0.253297
-1.86108
-1.86108
-1.2879
-0.252411
-2.27832
-1.98442
-2.27285
-2.68956
-2.26448
-1.25513
-1.11654
-2.28007
-2.1396
-1.83995
-1.1947
-1.71578
-1.78769
-2.6666
-3.90221
-2.98486
-2.21291
-2.21291
-2.24324
-2.58683
-0.785889
-0.785889
-0.785889
-0.767318
-0.767318
-2.15489
-2.9411
-4.42381
-1.65977
-1.71603
-1.28607
-1.28607
1.13335
1.37001
1.37001
-0.583464
0.0533158
0.110174
0.0694766
-0.656309
-0.0295933
-0.0295933
0.226617
0.226617
0.731473
0.898165
0.898165
0.034372
-0.811315
-0.30141
-0.30141
-0.453416
-2.30092
-2.30092
-1.71787
-3.12077
-2.73973
-4.50811
-4.46839
-4.60808
-5.70234
-5.70234
-5.70234
-5.14204
-3.98869
-3.74399
-3.66247
-2.41282
-1.11815
-1.11815
-3.07369
-3.07369
-2.59413
-3.03648
-2.44688
-3.38675
-4.78377
-4.1051
-3.72762
-2.26371
-1.56533
-2.71584
-3.8551
-3.67704
-4.06214
-4.81785
-4.83711
-3.50008
-3.7181
-2.47772
-1.864
-2.37121
-1.84064
-1.84064
-1.55908
-2.6645
-2.6645
-0.86686
-0.894493
-0.723733
-1.46102
-3.69376
-3.69376
-3.73998
-3.85995
-3.48393
-3.71261
-3.71261
-2.10965
-1.75888
-0.408798
0.00328793
-1.3642
-1.99058
-2.2577
-1.61132
-2.03611
-1.70967
-3.01575
-2.00371
-2.09782
-0.282148
-0.0913529
-1.70705
-0.937409
-0.414053
-1.11596
0.285244
-0.254546
-0.839247
-1.17057
-3.24946
-4.42491
-4.42491
-3.04883
-2.78026
-2.78026
-2.60396
-2.77519
-2.58085
-2.08965
0.314245
-1.23345
-1.06379
-0.156581
-0.156581
-0.0114881
0.706305
1.55278
1.55278
1.55278
1.8538
1.84233
1.84233
1.02122
1.46454
1.81752
1.81752
1.15881
1.44578
0.314586
0.0816472
-0.810536
-0.103261
-1.51206
-2.85508
-2.72224
-2.72224
-1.93176
-0.039656
-0.919148
-1.2361
-1.2361
-1.52108
-2.47998
-1.14542
-1.14542
-0.72583
0.665489
1.27562
0.223438
0.423818
0.0717957
0.0717957
-1.13899
-1.43829
0.00724666
0.527739
-0.292301
0.209846
-0.462323
-0.462323
1.38278
0.875909
0.875909
0.875909
1.355
1.17316
1.81955
1.25752
0.443741
-0.0717088
-0.530268
-1.547
-0.585477
0.184806
0.651361
0.641969
0.863004
1.30005
1.70338
1.70338
1.70338
2.1777
0.583608
1.21658
1.21658
1.21658
0.996808
-0.251995
0.604996
0.604996
2.11838
2.11838
2.68067
2.68067
2.68067
2.68067
2.29579
2.03372
2.03372
2.08091
0.738191
-0.122184
-1.45644
-2.37571
-2.68017
-1.98414
-1.24762
-1.50787
-2.00946
-2.67962
-3.09079
-2.43272
-1.99573
-1.89793
-0.41583
-1.02009
-1.02009
-0.122074
0.977643
0.198603
-0.417207
0.410282
1.63651
2.49501
2.49501
1.51084
0.468169
0.468169
0.468169
0.972198
1.2737
1.53455
2.10138
2.10138
0.593312
0.593312
-0.395773
1.12826
1.59125
2.86754
2.10989
1.53328
2.03934
1.99297
1.46573
0.947176
0.947176
0.880961
1.13568
-0.324095
0.42943
-1.50845
-0.58354
-1.53872
-0.476766
0.243681
0.347204
1.22116
1.10965
1.39065
1.10414
0.57914
0.57914
-0.24615
0.116009
0.116009
-0.424336
-0.530789
0.292011
0.431153
0.0419071
0.0419071
-1.30386
-0.49416
0.238938
-1.50314
-1.80982
-1.77013
-3.2631
-3.69217
-2.98832
-1.79489
-1.31904
-1.31904
-1.57103
-3.0045
-3.36763
-2.97597
-2.98363
-0.968426
-0.913206
-1.82818
-1.42445
-0.744339
-0.539911
-1.97235
-1.97235
-1.831
-1.0739
0.453993
1.21491
0.0173016
-1.0873
-1.0873
-1.07546
-1.07546
-2.09101
-3.34712
-3.24542
-3.51207
-2.08025
-3.03258
-3.80588
-3.2262
-3.21342
-3.12692
-4.06076
-2.62877
-1.69038
-4.02929
-4.02929
-4.14109
-4.37569
-2.42353
-1.84826
-0.52971
-1.12304
-1.79164
-1.79164
0.877624
-0.712917
-0.712917
-1.95887
-2.40741
-2.40741
-2.17998
-3.48157
-3.48157
-3.7856
-4.03012
-3.95593
-3.84409
-3.16051
-4.55397
-3.60674
-3.94898
-2.71828
-1.40103
-1.55488
-0.751451
-0.790885
-0.790885
-1.7923
-1.28906
0.23898
0.23898
0.319496
-0.784425
-3.14351
-2.02283
-1.50714
-0.755868
0.837603
0.837603
1.17846
0.458678
-0.232147
-0.874605
-1.17441
-0.985958
0.013538
-0.775738
-1.44779
-1.24941
-1.30958
-0.59196
-1.25041
-1.25041
-0.95906
-0.0745501
0.453889
0.453889
0.984719
0.662657
0.898233
1.27304
0.745218
0.266142
-0.814133
-0.866083
-1.39164
0.431797
0.688371
0.688371
0.915779
1.79867
3.42804
3.73084
3.19902
3.14355
3.41246
3.41246
4.29404
3.16679
1.61135
2.3768
3.46776
1.70625
2.29971
2.0867
1.23663
0.729794
0.729794
1.09849
0.969523
0.969523
0.969523
0.0948368
0.42763
0.42763
0.651036
-1.08692
-1.59529
1.54468
0.265438
0.320658
-0.162822
-0.162822
0.221375
-0.112422
-0.756859
-2.54707
-4.11716
-4.11716
-1.82428
-0.573913
-1.58859
-1.58859
-1.98726
-2.28756
-2.6776
-2.6776
-3.05117
-3.05117
-3.47247
-1.45375
-2.13227
-2.72394
-4.11047
-4.11047
-4.50731
-4.53971
-4.53971
-5.83732
-3.90705
-3.02631
-3.13259
-4.18829
-4.18829
-3.12444
-2.65624
-2.92929
-1.90138
-1.90138
-3.97758
-3.79642
-4.10691
-4.10691
-5.87469
-5.28893
-5.56333
-5.56333
-3.69954
-1.70212
-1.08617
-1.08617
-0.844055
-0.00749776
1.28053
2.62106
2.62106
1.68779
1.62314
1.78204
-0.240894
-0.909999
-0.0656649
-0.630756
-0.751375
0.0893333
-0.269037
-0.314372
-1.14449
-1.46975
-2.76441
-3.55565
-1.68429
-1.68429
-2.13501
-1.80329
-3.56084
-2.12865
-1.90945
-2.17771
-1.68437
-2.42233
-2.45335
-1.04926
-2.37856
-3.38915
-4.01398
-2.94419
-1.0682
-2.58447
-3.07052
-1.41068
-0.7657
-1.4482
-1.58812
-1.10384
-0.669784
-0.687548
0.427676
0.427676
1.79958
1.79958
2.18407
2.38697
2.5563
3.22164
2.66787
1.90411
1.90411
0.825311
0.825311
1.85171
1.58261
1.38417
1.12957
1.87864
1.90595
1.45541
1.45541
0.53213
0.117346
1.12282
0.64145
-0.0939834
-0.33032
-0.0562446
-0.206152
-1.11522
-3.03259
-2.6184
-3.52204
-3.43048
-2.9221
-2.9221
-1.86157
-0.0633991
-0.340153
-0.340153
0.555274
1.52741
1.52741
0.810212
0.341995
0.515859
-0.0279018
-0.889563
-1.79223
-2.54547
-2.73256
-2.73256
-2.73256
-3.17466
-2.96224
-3.92875
-4.46456
-4.46456
-2.24597
-4.25673
-4.33235
-3.74327
-4.64484
-4.64484
-3.28575
-4.09106
-5.01755
-4.73887
-3.98106
-1.81769
-0.229923
-0.07031
0.27171
0.238142
-0.66209
-0.58731
-1.69519
-1.85087
-1.59372
-1.59372
-1.42674
-1.42674
-2.8612
-3.20713
-2.56964
-2.56964
-3.66453
-3.63823
-3.3229
-3.09835
-2.51165
-1.77108
-2.36665
-2.56197
-3.52489
-2.7036
-2.7036
-3.04113
-3.5828
-3.85247
-2.49139
-1.18502
-1.36844
-1.14377
-2.51946
-2.47005
-1.78296
-1.78296
-1.3226
-3.54774
-4.02555
-3.87055
-3.77794
-1.44396
-2.80461
-2.80461
-2.80461
-1.7752
-1.25914
-0.798096
-1.78938
-2.26764
-2.90684
-3.57297
-3.57297
-2.97794
-3.85469
-2.53965
-2.53965
-2.25624
-2.87049
-2.19277
-3.64746
-3.89368
-4.16596
-4.22466
-4.42148
-4.08137
-4.17351
-4.69195
-3.69934
-3.69934
-4.70705
-4.70705
-4.70579
-2.33312
-1.05568
0.552492
0.552492
1.06632
0.00173966
0.00173966
-0.494113
-1.3888
-1.59042
-1.78905
-1.7726
-1.57989
-0.664224
0.779148
0.720696
0.379939
0.890663
-0.964119
-0.964119
-0.685233
-1.82559
-1.82559
-1.70413
-1.70413
-2.95046
-4.10827
-3.7841
-3.33689
-3.4422
-2.35527
-2.5747
-2.96102
-1.85248
-0.350685
-0.859608
-1.25839
-2.49723
-2.98128
-3.25557
-2.89955
-2.89955
-0.870444
-2.01706
-1.83751
-2.22961
-3.53391
-3.58644
-3.58644
-2.40957
-2.7425
-4.16426
-6.01509
-4.07124
-4.06448
-6.91245
-6.04881
-5.79705
-5.79705
-2.9562
-2.37451
-2.29873
-2.64704
-3.37282
-4.96031
-4.96031
-3.94938
-4.08697
-3.75919
-3.70317
-2.71131
-2.87169
-3.79795
-3.27824
-1.77046
-2.66185
-1.59316
-1.37315
-0.602039
-0.602039
-2.14403
-2.14403
-1.72604
-1.81553
-0.72098
-1.2238
-0.636152
-0.791116
-2.14725
-2.69678
-2.40589
-2.18277
-0.594576
-1.17992
0.111
0.415331
-0.0759417
-0.866839
-0.866839
-0.757895
-1.57702
-2.10039
-0.51322
-0.70056
-0.70056
-0.70056
0.606701
0.177279
0.177279
0.512676
-1.28347
-1.28347
-1.1962
-1.42225
-1.27509
-0.524173
-0.1469
-0.1469
0.0622118
0.0622118
0.0960177
-0.207028
0.365936
-1.16249
-0.969977
-0.902515
0.105686
0.256751
0.176146
-0.885441
-2.49736
-3.61305
-2.77705
-1.96853
-2.93457
-3.47953
-3.29917
-3.29917
-1.92833
-1.92833
-1.82714
-2.63786
-1.81343
-1.57687
-2.74692
-2.74692
-3.44296
-4.0556
-5.10613
-5.10613
-5.10613
-4.7301
-6.46828
-6.82516
-6.77899
-5.35564
-5.35564
-4.55921
-5.09102
-2.81242
-3.2343
-2.2157
-1.95774
-1.16943
-1.12523
-0.706811
-0.706811
-1.13861
-1.60686
-1.90163
-2.80868
-0.545959
-1.11026
-1.34704
-2.0574
-1.72837
-2.70084
-1.18688
-1.18688
-0.503038
-1.86454
-1.98268
-2.03116
-2.03116
-0.496395
-0.677809
0.397721
0.231029
-0.155064
-2.36429
-1.62385
-0.773758
-2.35551
-2.04722
-1.66183
-0.0121743
-0.683471
-1.02666
-1.02666
-0.291523
-1.51467
-1.1683
0.149033
0.62328
0.62076
0.62076
-0.283366
-0.514349
-0.514349
-0.514349
-0.71565
0.88949
-0.485027
-0.598168
-0.805482
-1.2085
-0.172467
-0.172467
-1.1706
-1.1706
0.196603
0.58685
0.508241
-0.772847
-1.23938
-2.56078
-1.11618
-1.86475
-0.943288
-2.11911
-1.50014
-2.31637
-2.51323
-2.01795
-2.37557
-2.28239
-1.64058
-1.73022
-1.78238
-1.70249
-1.70249
-1.08236
-0.656136
-1.85835
-2.55214
-3.22319
-3.25734
-3.77678
-5.54082
-4.89038
-4.89038
-5.15973
-5.01086
-4.93378
-4.93378
-4.93378
-3.89211
-3.78496
-2.39923
-2.8458
-2.8458
-3.41089
-3.85008
-3.1857
-2.10932
-2.55457
-1.8027
-2.31517
-1.36601
-1.59068
-4.42692
-4.90878
-6.49111
-5.36397
-5.36397
-5.36397
-4.21308
-3.44854
-3.99069
-3.9954
-3.9954
-1.98261
-2.45721
-2.1223
-1.79408
-1.56925
-1.2093
-1.2093
-1.06715
-1.20975
-3.21869
-5.31032
-5.43501
-5.01018
-4.42037
-3.04009
-4.48893
-4.32489
-4.24242
-3.75109
-2.66897
-1.79052
-1.74107
-4.1511
-5.0142
-5.13389
-4.04831
-4.68268
-4.70465
-5.36642
-4.34603
-4.91054
-5.52842
-5.52842
-6.18042
-5.58587
-5.90802
-5.90802
-6.54944
-4.99123
-4.99123
-3.34618
-3.13387
-2.97619
-2.97619
-3.47188
-2.58512
-1.91071
-3.56501
-4.12132
-5.19671
-6.60719
-6.60719
-5.76084
-5.6869
-5.2987
-5.2987
-5.16998
-5.16998
-4.43641
-3.59694
-3.88777
-3.42827
-4.31876
-4.67362
-4.73366
-4.39836
-3.20236
-1.58098
-2.34489
-1.45897
-2.76832
-4.70846
-4.26504
-3.92545
-3.9273
-3.9273
-3.52235
-3.0937
-3.54539
-4.45597
-4.45597
-4.45597
-4.92636
-4.92636
-4.92636
-4.36409
-5.04516
-6.6133
-6.40609
-6.40609
-6.40609
-7.45861
-6.80022
-6.56478
-5.59657
-4.98332
-6.59231
-4.44825
-3.52064
-3.04737
-3.13359
-4.03526
-4.29279
-4.36271
-4.38689
-3.18951
-2.70956
-2.46583
-2.8141
-2.20057
-1.67039
-2.18429
-2.70438
-3.0889
-3.0889
-3.09602
-3.66087
-3.66087
-3.11223
-3.17738
-3.00067
-1.92905
-3.0182
-3.0182
-4.046
-1.98802
-1.90337
-2.71678
-4.22032
-3.64317
-4.03583
-3.41308
-3.41308
-3.46353
-3.46353
-3.46353
-2.74248
-4.25753
-3.27919
-3.27919
-3.31609
-3.31609
-4.39987
-4.60625
-3.9346
-3.9346
-3.46389
-3.48142
-4.01041
-3.25662
-1.56491
-0.776566
-0.730105
-0.435057
-1.99923
-3.13877
-3.24688
-2.45593
-2.86923
-0.17501
-0.17501
-0.17501
-0.17501
-1.11526
-0.715906
-1.78062
-2.19216
-0.38716
-0.304069
0.725026
-1.21756
-1.63299
-2.46566
-1.67579
-1.82046
-1.21636
-2.37919
-3.42901
-3.81773
-1.28001
-0.150859
0.841143
0.304964
0.220668
-0.286049
-1.63908
-0.353923
-0.351071
-0.351071
-0.351071
-0.0436612
-1.59403
-0.385751
-0.373801
-0.804706
-1.39702
-1.39702
-1.09894
0.369999
-1.49623
-1.02741
-0.934765
-1.25415
-1.26085
-1.31756
-1.31756
-1.85259
-1.59712
-0.717432
-0.498447
-0.498447
1.61294
1.61294
2.1169
1.86991
1.86991
1.86991
2.26115
2.26115
2.14168
2.14168
2.14168
2.19861
1.33016
0.346481
0.346481
0.876678
2.31217
1.61602
0.329317
-0.236868
-0.236868
-0.236868
-0.539356
-0.539356
-0.539356
-0.953052
-0.953052
-0.103775
0.209583
-0.0338144
-1.38104
-1.71229
-2.66907
-2.17351
-2.23007
-2.24571
-1.27041
-1.55914
-1.53067
-1.70354
-1.26797
-1.26797
-2.41974
-2.56703
-2.84676
-1.18584
-2.28527
-1.85707
-1.85707
-1.85514
-3.02121
-3.56218
-3.10691
-2.22162
-3.28753
-3.55663
-3.28705
-2.30676
-1.94542
-2.22066
-0.694726
-0.907923
-1.42962
-3.19481
-1.42104
-0.897413
-1.9838
-1.9838
-2.83886
-3.02497
-3.02497
-3.61643
-3.61643
-3.61643
-3.48377
-2.78469
-2.78469
-0.900946
-0.900946
-0.900946
-1.07111
-0.556867
-1.6804
-1.81525
-1.9904
-0.942071
-0.887008
-1.13746
-1.68421
-3.4035
-3.4035
-3.99884
-3.74139
-3.68504
-3.35033
-3.07389
-3.11151
-5.11768
-5.182
-6.56287
-6.85614
-6.54098
-6.5291
-5.5885
-5.60249
-5.60249
-4.54701
-2.89398
-3.47019
-0.718697
-0.718697
0.0354025
0.717628
-0.645256
-1.55698
-0.359131
-0.737834
-2.70145
-1.45328
-1.20536
-1.19605
-1.13721
-2.20512
-2.34899
-0.587655
-1.12944
-1.12944
0.697788
-1.39806
-2.07471
-3.1863
-1.79651
-2.07267
-1.82342
-1.82342
-1.98243
-3.07486
-3.84273
-4.40936
-4.6507
-4.41734
-3.06444
-2.73722
-2.73722
-0.805516
0.503215
0.503215
0.434836
-0.753059
-1.76594
-1.83584
-2.08364
-3.70121
-3.70121
-3.70121
-4.11544
-4.30758
-4.50304
-4.39694
-4.61205
-4.75389
-4.47691
-4.30912
-4.30912
-3.49144
-1.70723
-1.90073
-0.743949
-1.3562
-1.18454
-0.743896
-0.999183
-1.91567
-1.55861
-2.12466
-3.74817
-3.74817
-3.52828
-4.02542
-4.56723
-4.47293
-4.47293
-4.28133
-3.82858
-3.71128
-2.33552
-3.82522
-4.12386
-3.98206
-5.40146
-5.40146
-6.08333
-6.08333
-6.08333
-6.08333
-6.08333
-7.11912
-7.11912
-8.35257
-8.35257
-7.32976
-8.35746
-7.30182
-7.07704
-6.83527
-6.14105
-6.14105
-6.01166
-6.01166
-6.01457
-6.26852
-7.09058
-7.11243
-7.98017
-7.93477
-7.93477
-7.61736
-7.9489
-6.84561
-6.84561
-8.15057
-7.96359
-7.56334
-7.63909
-7.63909
-7.90138
-8.29264
-7.39992
-7.39992
-7.39992
-6.61826
-7.42034
-8.01252
-8.01252
-8.01252
-8.01252
-8.01252
-8.01252
-5.82151
-6.09722
-5.37534
-4.66679
-3.81299
-3.42963
-3.50614
-2.53551
-2.6057
-3.81638
-3.9223
-3.96727
-2.9974
-3.62393
-3.52144
-2.69029
-1.35955
-1.64463
-2.27195
-2.43186
-3.34551
-4.80912
-3.76727
-3.31211
-3.58794
-1.7426
-2.10867
-2.10867
-0.819667
-0.819667
-3.27075
-3.2311
-3.6324
-3.1121
-2.29387
-1.5205
-2.02451
-2.02451
-0.663007
-0.663007
0.434812
-0.0081706
-0.120783
0.0669693
0.273551
-1.02842
-1.2561
-2.02109
-2.94723
-2.83218
-2.59596
-1.37566
-1.67827
-1.92073
-4.24882
-2.39206
-1.4116
-2.0577
-2.0577
-2.0577
-2.0577
-3.23101
-4.10949
-4.49129
-4.74493
-4.74493
-4.84418
-4.84418
-4.84418
-4.84418
-4.56194
-4.92206
-5.01203
-5.41401
-5.35571
-5.35571
-4.31613
-3.52016
-1.89323
-1.8018
-0.211802
-2.04702
-2.96626
-4.48311
-4.48311
-4.56176
-4.24442
-4.24442
-3.64325
-3.34652
-2.37431
-2.05047
-2.53505
-0.879651
-1.37488
-1.37488
-1.37488
-1.29502
-0.663039
0.929819
0.271625
-0.458327
-2.12851
-1.90001
-2.40077
-2.52611
-1.84034
-1.51515
-2.37812
-2.64459
-1.07607
-1.87689
-1.07188
-0.0894837
0.646717
1.71378
0.0171784
-0.467241
-0.385176
-0.741635
-0.171921
-1.13407
-1.10669
-2.0235
-0.79293
-1.36688
-4.74201
-3.84556
-4.44435
-3.41767
-3.41767
-2.34208
-0.815131
-0.483306
-1.79319
-3.17527
-3.17527
-3.99543
-3.03639
-2.14539
-0.909652
-2.48601
-2.48601
-3.57517
-2.93323
-1.60424
-2.70641
-1.51889
-1.65424
-2.96067
-1.98088
-2.08369
-1.87864
-2.31325
-2.31325
-1.9772
-2.08574
-3.60807
-1.16366
-0.341577
-1.38267
-1.91019
-2.04545
-2.17932
-2.44156
-2.08915
-1.31916
-1.10286
-0.351351
-0.0520965
1.34345
1.34345
1.59622
1.37374
1.05558
0.528894
0.754298
0.754298
-0.569794
-0.637881
-1.54681
-1.10389
-0.20243
-0.735072
-2.657
-3.03728
-2.36356
-2.08429
-1.61516
-1.19731
-0.8608
-1.04776
-1.4598
-1.01931
-1.10537
-0.947042
-0.409309
-0.82049
1.06622
0.768369
0.69875
0.69875
1.39733
0.969218
0.985353
1.25396
1.25396
1.39311
1.58043
1.58043
2.63911
1.66513
1.01647
0.276613
-1.56836
-0.627522
0.189861
1.4815
2.08349
3.28194
1.96328
1.96328
0.925107
1.29924
1.29924
2.84034
2.84034
2.76775
0.989103
0.989103
0.989103
0.327334
0.621035
0.83909
0.83909
1.32057
1.32057
1.67793
0.850054
0.845725
0.965757
1.35581
1.35581
1.84508
1.84508
1.84508
2.34341
1.43783
1.43783
1.43783
0.643128
0.643128
1.24305
0.675335
1.20999
1.20999
-0.353001
0.760737
0.524525
0.897891
-0.747093
-0.613926
-0.547263
-0.369359
0.529894
2.22736
2.26862
2.48885
2.14139
0.947039
0.571015
-0.0255325
0.591098
0.92459
0.493915
1.49921
1.36062
1.36062
1.113
0.737192
-0.0256845
-0.0256845
0.315032
0.344239
0.730026
-0.617215
-0.321701
-1.4779
-1.76303
-1.76303
-1.76303
-1.63506
-1.59828
0.119323
0.119323
-1.17698
-1.47788
-1.45703
-1.59461
-1.08717
-3.07211
-3.07211
-3.36947
-4.22879
-3.26325
-3.15106
-4.04461
-4.72139
-4.23409
-4.39866
-4.24375
-3.57933
-2.53417
-2.96399
-2.91867
-2.91867
-0.588769
-0.154905
-0.0824572
-0.0824572
0.071868
-0.386779
-0.0826035
-0.0826035
-1.44322
-2.21051
-3.59661
-2.45776
-4.13888
-4.03953
-4.08894
-2.5244
-2.72387
-2.72387
-2.22218
-2.35911
-1.51693
-2.18169
-2.34936
-2.22211
-2.22211
-3.95733
-3.87665
-3.49931
-2.62852
-4.12928
-4.84641
-3.9101
-3.87085
-4.03202
-4.03202
-4.07695
-4.07695
-3.35857
-2.99236
-1.6832
-1.6832
-4.90733
-4.90733
-4.90733
-4.60139
-4.46161
-3.03385
-1.52084
-1.52084
-1.14215
-0.48997
-0.48997
-0.289289
-0.703165
-0.625512
-0.625512
-2.21263
-3.30454
-3.30454
-4.21989
-2.70906
-3.13145
-3.25087
-3.79728
-3.79728
-3.79728
-3.97163
-3.9898
-5.21749
-4.67567
-3.9525
-4.21482
-3.11347
-4.19548
-3.92969
-3.08526
-4.35476
-4.35476
-2.43546
-2.43546
-1.71156
-1.71156
-2.55839
-1.10432
-0.249642
-1.63519
-1.11955
-2.97708
-3.90644
-3.90644
-2.50046
-2.77173
-1.2438
-0.972058
-1.0108
-1.0108
-1.0108
0.81357
-0.415667
-0.415667
-0.415667
-1.18036
0.0273638
-0.247461
-1.34821
-0.803767
0.295023
0.000307016
-0.0607615
-0.200056
-1.56455
-0.389131
-0.389131
0.156543
0.563442
0.703532
0.11031
0.11031
0.11031
-0.115711
-0.921651
-1.45423
-0.145062
-1.08201
-1.62174
-3.33205
-4.77991
-5.60482
-5.60482
-4.90431
-4.21021
-3.13493
-2.68889
-3.06166
-2.98158
-3.47755
-3.46657
-3.46657
-3.49729
-4.6356
-5.15907
-5.10138
-4.11014
-4.35414
-5.66326
-5.66326
-5.66326
-4.5806
-3.64266
-3.51509
-3.51509
-3.59678
-3.02636
-4.62224
-4.62224
-3.62524
-3.62524
-3.57855
-2.57965
-2.57965
-2.62511
-2.45101
-0.605034
-0.788263
-2.30914
-3.8615
-3.81265
-3.24554
-3.26175
-3.02864
-3.02864
-1.61536
-1.08571
0.113507
0.113507
-0.973751
-0.641266
-0.821749
-0.293791
-0.480315
-2.3997
-1.39641
-0.755729
-1.39406
-1.23092
-1.11606
-1.11606
-0.576009
-0.866351
-0.97519
-1.69199
-2.54521
-3.29056
-2.71747
-2.7122
-3.8354
-3.8354
-3.8354
-3.29556
-3.29556
-2.65362
-3.4403
-3.56154
-2.69065
-2.32111
-2.67014
-1.27586
-0.61292
-0.61292
-1.15638
-1.64811
-0.858189
-0.960794
-0.960794
-0.129943
0.376823
0.376823
0.376823
0.836738
1.03238
-0.205464
-0.160212
-0.263918
0.438506
0.64112
0.130207
1.02088
0.298447
0.364841
-0.185831
0.265763
-0.0863759
-0.0340693
-0.0340693
-1.09606
-1.7123
-1.52064
-1.2549
-0.822487
-0.162666
-0.165024
-0.323453
-0.33714
-0.723007
-0.377823
-0.817222
-2.26601
-0.875281
-1.13816
-0.525192
-0.714237
0.0951208
1.26277
1.26277
1.26277
0.306796
-0.691664
-0.691664
0.560322
-0.21224
0.297437
-1.00404
-0.0192027
-0.0953581
-0.772486
0.317068
-0.156614
-0.306363
0.150398
-1.47638
-0.392755
-3.08966
-2.14621
-0.562164
-0.459456
-0.845491
-0.430898
0.865297
1.29832
1.26751
1.32273
1.52305
-0.0211881
-0.380032
-1.42296
-0.483286
-0.906996
-0.906996
-0.906996
-0.857476
-0.857476
-2.70647
-2.88331
-2.88331
-3.25786
-3.3775
-2.0895
-2.18695
-2.43182
-1.60021
-1.90458
-2.90195
-1.21638
0.361911
-2.54512
-1.86659
-2.42314
-2.81798
-2.51569
-1.9721
-3.12768
-2.30133
-2.98844
-3.29087
-3.91316
-2.68874
-2.35349
-2.69364
-3.6247
-2.57537
-2.57537
-2.57537
-3.33849
-3.09156
-3.09156
-2.26523
-1.97393
-1.89065
-1.08274
-1.80611
-1.45483
-0.970275
-1.69005
-1.69005
-2.51147
-2.23055
-1.51389
-1.51389
-1.54689
-0.698718
0.128596
-0.331692
-0.917443
-2.67356
-2.65761
-2.74876
-3.03488
-2.44872
-2.77058
-3.32634
-2.97646
-3.28537
-3.3988
-4.39832
-5.65067
-6.3313
-6.33771
-5.91606
-5.9226
-6.49283
-4.66749
-2.83765
-2.22784
-2.77217
-3.06825
-2.73427
-2.46119
-2.54111
-3.12839
-3.45322
-2.87131
-1.81902
-1.38788
-1.88516
-1.88516
-1.00517
-1.01923
-0.32408
-0.32408
-0.268487
0.591324
-0.177636
1.51335
1.41408
1.41408
0.264973
-0.0802675
-0.746328
-0.805425
-1.44974
-1.14274
-1.75949
-1.33376
-2.34571
-2.37604
-1.62267
-1.94537
-0.843398
0.301353
-0.375175
1.2744
0.240798
-0.376879
0.267536
1.26649
1.26649
1.26649
0.397719
-0.964552
-1.40029
-2.16098
-1.75538
-2.5285
-2.39699
-1.8703
-2.76284
-2.88033
-3.1344
-3.1344
-3.34367
-2.55935
-1.78738
-1.98063
0.776224
0.620948
0.601076
0.531345
0.170922
0.170922
0.170922
-0.972752
0.42011
1.00973
1.34107
1.34107
1.34107
1.34107
1.94352
1.94352
1.80315
1.77718
1.77718
1.48955
0.723095
1.53012
0.458858
-1.02621
-1.02621
-1.18689
-0.635068
-0.316438
-0.316438
-1.2434
-0.158339
-1.27204
-0.518555
-0.421893
-0.444797
-0.898259
-1.15307
-0.968533
0.393373
-1.16089
-0.784646
-2.10862
-0.729284
-0.682598
-1.38685
-3.03805
-3.79945
-3.79945
-3.6994
-2.94997
-2.76718
-1.16429
-1.68622
-2.03276
-2.03276
-2.54765
-2.64151
-2.31259
-3.78137
-3.23184
-3.6083
-1.72797
-2.8148
-2.26783
-2.15943
-2.04146
-2.37968
-2.17564
-3.41615
-4.28165
-4.08069
-2.83798
-2.83798
-2.41954
-2.11397
-0.687113
-0.859267
-1.32202
-1.79936
-1.57151
-1.95092
-1.56922
-1.56922
-1.57192
-1.43737
-0.811443
0.0781586
-0.309338
0.107904
-0.154998
-0.101859
0.716497
0.106785
-0.600947
-0.50516
-0.50516
-1.26783
-1.15278
-1.15699
-1.3626
-0.890497
-1.60715
-1.48768
-1.05722
-1.46795
-1.46795
-3.31777
-3.27156
-2.96545
-2.36666
-1.41525
-1.71511
-1.87081
-0.952271
-2.17029
-1.17327
-0.0699584
0.490027
1.50541
1.43359
1.9978
1.41665
1.13506
1.74148
0.995312
0.995312
-0.345337
-1.00268
-1.00268
-1.28362
-1.38865
2.00292
2.00292
1.69712
1.69712
0.400714
1.66264
0.55288
-0.149662
-0.149662
0.113661
0.590102
-0.171354
-0.745285
-1.48669
-0.798812
-2.31229
-1.56601
-1.41746
-3.41311
-4.62737
-3.3675
-3.52779
-2.03986
-2.03986
-1.08432
-1.95612
-1.92815
-3.22764
-3.63887
-3.26086
-3.26434
-2.10284
-1.3833
-0.839416
-1.03347
-0.727505
-2.05522
-1.60665
-1.42144
-1.42144
-1.4082
-1.24538
-1.53538
-2.80154
-2.80154
-2.70744
-2.70744
-3.32453
-3.20733
-2.41343
-1.10733
-1.10733
-1.32138
-1.39171
-1.21624
-2.96985
-3.77388
-3.50286
-4.57127
-4.09651
-3.61072
-3.36135
-3.36135
-2.61355
-3.43629
-4.61046
-4.8403
-3.05256
-3.36832
-2.22181
-4.20683
-4.20683
-4.20683
-3.38106
-2.44098
-1.5466
-1.10396
-1.10396
-0.618431
-3.71337
-3.98929
-5.03674
-5.04063
-4.41564
-4.6322
-3.79483
-3.79483
-3.61613
-3.38254
-2.28665
-2.25279
-1.32346
-1.32346
-1.5489
-1.20198
-0.812709
-0.210259
0.692415
0.835404
1.0586
1.72199
1.69959
2.04726
1.47607
1.43361
2.14341
2.57918
1.07218
1.97468
-1.73154
-1.9938
-0.0694748
0.320024
-0.499817
-0.965738
0.345931
1.28708
1.28708
1.28708
1.55437
1.55437
1.55437
0.247269
0.29645
-0.123342
-0.00713801
-2.0067
-3.67316
-1.14293
-1.19377
-1.39635
0.00487098
0.00487098
-0.00775943
0.223149
0.223149
0.510576
-0.404497
-1.34692
-1.90753
-0.290939
-1.10779
-1.71219
-1.49977
-1.49977
-0.914107
-2.30264
-1.69372
-0.968684
-1.47528
-1.02391
-2.42666
-2.64185
-2.68514
-2.68514
-2.08044
-4.0888
-2.62347
-2.53249
-2.01138
-2.35689
-1.06496
-0.0491984
-0.0598546
-0.637479
-1.50863
-2.71606
-2.16044
-0.968182
-0.968182
-0.714995
-0.144349
-0.80999
-1.97146
-2.64163
-1.71977
-2.46466
-2.35403
-2.35403
-2.35403
-2.93426
-2.93426
-3.32277
-3.32277
-3.44618
-2.09683
-2.81873
-1.85314
-2.307
-4.18207
-3.56762
-2.77524
-3.11459
-3.89974
-3.89974
-4.05555
-4.19726
-3.97435
-3.49792
-2.65341
-2.25526
-1.67207
-1.67207
-1.33749
-1.96339
-1.34804
-1.61609
-2.79335
-2.00737
-2.00737
-2.00737
-2.00737
-2.00737
-3.16578
-3.17319
-4.75866
-4.75866
-5.75442
-3.34897
-2.63548
-1.71499
-1.01327
-2.87363
-2.34438
-1.89238
-2.92839
-2.37595
-3.13849
-3.4279
-4.73958
-2.83454
-3.38812
-4.00677
-4.90099
-4.90099
-4.42017
-3.66318
-3.96407
-4.77077
-5.3776
-5.10694
-4.86161
-3.55309
-3.87028
-3.39423
-3.51321
-2.71634
-1.97008
-1.53563
-0.907506
0.770458
1.0821
1.42445
2.16195
0.536704
-0.483585
0.037721
-0.918862
0.0108679
-0.0589467
-0.0589467
-1.18342
-0.619652
-1.07854
-1.47915
-1.47915
-0.84012
-0.84012
-2.24387
-2.33162
-3.78009
-3.53698
-2.26319
-3.36129
-4.21471
-4.21471
-4.21471
-3.61968
-2.64017
-3.6548
-3.16565
-1.89558
-2.81526
-3.21895
-2.94197
-2.3957
-0.931388
-0.879425
-1.17462
-2.74817
-3.56057
-3.34484
-2.79907
-2.4767
-1.86149
-2.01892
-2.19758
-3.16138
-4.37763
-5.94003
-5.73413
-4.61711
-3.33474
-3.26646
-5.04861
-5.04861
-5.20409
-5.20409
-5.20409
-4.59865
-4.4563
-4.4563
-4.4563
-4.31512
-4.31512
-2.68069
-2.58523
-0.995494
-0.995494
-1.59017
-2.20304
-2.20304
-2.20304
-2.27836
-1.49028
0.0398119
0.826056
2.33141
2.33141
0.152522
-0.678835
-0.851464
-1.25947
-2.49443
-2.84305
-0.909621
-1.87882
-1.50638
-1.82847
-2.66753
-1.0343
-1.0343
-1.71439
-1.92123
-1.93498
-3.19957
-1.85341
-1.33986
-0.782985
-0.341487
-0.80604
-0.924036
-0.565539
-2.17984
-2.17984
-3.72276
-3.02571
-3.02571
-1.70913
-1.70913
-3.2991
-3.0028
-2.60752
-0.621201
-1.4576
-2.97255
-3.20193
-3.57829
-3.57829
-1.49492
-1.34904
-1.34904
-1.45598
-2.31312
-1.85656
-2.7093
-2.47934
-3.00991
-3.2872
-3.32463
-3.68179
-3.11739
-2.93868
-3.64126
-4.83478
-4.3775
-4.87861
-4.36692
-4.61899
-5.62054
-5.53068
-5.57354
-5.54034
-5.54034
-6.08473
-6.08473
-6.08473
-5.06315
-5.06315
-4.7019
-4.0784
-2.31141
-2.70611
-1.62047
-2.50548
-2.52001
-2.63144
-2.39749
-2.39749
-2.39749
-2.97923
-2.0552
-1.94148
-1.88544
-1.97793
-3.2363
-4.62998
-5.07871
-3.25336
-2.45163
-4.03934
-3.83144
-3.85941
-3.24767
-2.98744
-3.30279
-4.62232
-4.62232
-4.62232
-5.38314
-5.38314
-5.38314
-3.10734
-2.56884
-2.16316
-3.30329
-2.64805
-3.33341
-2.94243
-2.98774
-2.92217
-1.91176
-1.03396
-1.57133
-2.69962
-1.74362
-2.64623
-2.64623
-2.64623
-2.25875
-2.07558
-2.17142
-1.35391
-2.02384
-1.75094
-1.4011
-2.17112
-2.17112
-2.09264
-1.64566
-0.583538
-0.521663
0.773022
-0.135689
-0.135689
-0.135689
-0.74944
-0.958938
-1.42578
-2.28547
-0.501666
0.309749
-1.51005
-0.790363
-0.386708
-0.386708
-0.815701
0.0426845
0.0426845
-1.20402
-1.71625
-1.71625
-1.40956
-1.03815
-1.38083
-3.02998
-3.16065
-4.32901
-3.84161
-3.69977
-3.42846
-2.05287
-4.73732
-3.21852
-5.05506
-5.05506
-5.05506
-3.09793
-3.52491
-3.76963
-3.91627
-3.91627
-4.13168
-4.90368
-3.62371
-3.70721
-3.70721
-3.70721
-3.14937
-2.18036
-2.21102
-2.41864
-2.39808
-3.76342
-5.01726
-3.16927
-1.99312
-1.13239
0.578306
-0.926543
-0.25926
-0.0291277
-0.221062
-0.900346
0.417831
0.417831
-0.481777
1.5542
3.22068
3.22068
2.53498
2.53498
2.53498
2.22323
2.64261
3.11723
2.70717
2.42211
2.55099
2.55099
3.32438
3.41346
2.1103
2.37354
1.53681
0.867465
-0.568919
-1.40258
-3.75671
-4.19789
-3.95983
-3.44919
-3.44919
-4.29089
-3.47225
-2.58056
-2.03208
-2.53954
-3.00992
-2.75649
-3.23273
-3.23273
-3.18558
-3.135
-3.18056
-3.18056
-2.52167
-3.05989
-3.14141
-1.63163
-1.32613
-2.53198
-2.53198
-3.02387
-2.57872
-2.89601
-1.19046
-1.19046
-0.901738
-1.75898
-0.146014
-0.435647
-2.69352
-0.294289
0.541339
-1.41009
-2.30587
-1.63735
-2.75276
-1.99272
-1.64257
0.0520704
0.143133
0.143133
-0.209093
-2.24727
-1.78993
-3.32889
-2.74532
-3.23013
-4.17735
-4.55533
-4.55533
-4.55533
-4.55436
-4.62639
-3.41174
-3.84021
-3.14249
-3.14249
-3.59367
-1.58079
-1.33126
-1.7107
-1.86964
-1.93809
-2.10131
-2.89737
-1.47328
-1.47328
-3.23822
-3.87588
-4.83701
-3.13877
-3.13877
-2.63633
-2.63633
-3.43422
-2.11474
-1.62687
-3.14714
-1.83468
-2.89729
-3.04896
-2.17829
-2.92801
-2.51541
-2.01075
-0.549445
-1.78314
-2.89475
-1.47214
-2.49625
-3.70146
-1.33435
-1.68761
-2.55692
-3.86797
-3.86797
-2.79102
-2.79102
-3.47958
-3.17862
-3.7705
-3.98372
-4.08856
-3.96392
-4.78084
-5.45188
-5.52009
-5.88036
-5.2478
-5.02124
-3.55713
-2.76799
-1.43589
-0.469936
-0.922063
-1.42958
-0.768987
0.0992467
-0.453849
-0.453849
-0.371761
-0.371761
-0.371761
-1.63183
-0.86944
-1.64055
-1.14511
-0.670082
1.24029
1.38465
1.38465
1.13946
0.391966
-0.107206
-0.729536
-0.729536
-1.3109
-0.289405
-0.312338
-0.312338
-0.312338
0.0514845
0.0900612
-0.0331764
-0.355741
-0.355741
-0.355741
-0.509381
-0.328379
-2.03613
-0.00363633
0.342113
0.467511
0.959754
0.445446
0.37157
0.637501
-0.37263
-0.37263
-1.74613
-2.61681
-1.83062
-1.109
-1.39448
-2.48901
-2.18531
-1.1059
-0.671907
-0.842387
0.125311
-0.239006
-1.40878
-1.38901
-0.844602
-1.83516
-3.9109
-3.376
-4.18692
-4.0017
-3.94345
-4.69137
-3.00245
-3.42677
-2.75961
-2.63608
-3.39546
-2.5343
-2.51076
-4.39406
-2.80211
-1.0401
-0.872992
-1.25168
-2.96466
-3.06319
-3.5328
-3.02784
-1.03754
-0.105426
-0.416824
-2.53118
-2.06564
-1.58403
-1.36394
0.293545
0.754016
-0.442068
-2.47944
-2.47944
-2.36631
-0.927549
-0.112022
0.135794
0.554393
1.87057
1.03628
1.03628
1.03628
1.1716
1.1716
1.79635
0.881719
1.36912
0.531419
0.695057
-0.0495243
-1.41848
-1.60916
-1.60916
-2.63881
-3.47073
-2.80875
-4.44491
-4.37453
-4.00225
-4.00225
-5.0823
-5.57946
-4.42635
-4.42635
-2.94923
-3.01487
-1.9552
-2.13965
-2.83339
-2.306
-2.55338
-1.77924
-3.50522
-2.83605
-1.98938
-1.64372
-1.64372
-1.43853
-1.43853
-1.43853
-1.63538
-0.0768881
-0.154323
-0.154323
-2.04877
-2.04877
-2.50942
-3.30531
-3.73775
-1.81067
-0.0266302
0.694933
0.694933
0.870845
0.870845
0.870845
0.193035
0.277791
1.75703
1.82848
1.39385
1.18345
0.873864
0.873864
0.873864
3.08289
3.13496
3.23844
3.23844
1.31411
-0.0912824
-0.906584
-2.28706
-3.59137
-2.29436
-1.31281
-0.889917
-0.252199
-0.252199
0.779454
0.779454
1.04981
0.946149
0.816289
0.816289
1.12461
-0.185968
-0.185968
-0.396094
-0.396094
-0.396094
-0.474105
-0.685343
-0.999634
-2.63407
-2.28797
-2.28797
-1.9283
-1.36287
1.02937
0.327409
-0.0273179
-0.796108
-1.87236
-3.4207
-2.44132
-0.657729
-0.342134
-0.398982
-1.44963
-0.522271
-0.90607
-1.52259
-1.61649
-2.27183
-2.26907
-2.58934
-2.11984
-1.97892
-3.19468
-1.21891
-0.376043
0.708678
0.708678
1.07279
1.07279
0.290741
-0.667148
-1.95733
-1.23232
-0.672256
0.673662
-0.283112
1.12687
1.11689
0.970198
0.970198
0.125564
0.125564
0.326294
0.326294
-1.87961
0.351602
2.23058
2.23058
1.81292
1.81292
2.84451
3.44648
2.54211
2.26951
1.76814
1.62045
0.122722
0.122722
0.0718062
-0.438878
-0.345623
-1.02596
-0.754047
-2.05772
-1.90014
-1.89942
-0.270903
-0.552858
-1.18617
-2.22009
-1.93919
-3.25866
-4.23588
-3.57628
-3.57628
-0.30771
-0.125854
1.29122
2.49665
3.12665
3.12665
3.12665
2.95748
3.81839
3.88927
4.00803
1.10827
0.595986
0.595986
-0.802911
-1.30077
-1.23711
-1.77837
-2.50837
-2.33088
-1.50844
-1.50844
0.167278
1.57417
0.921705
0.921705
0.360352
0.360352
0.495716
-0.457712
-0.356229
-2.45529
-2.57539
-1.9506
-1.26286
-0.350095
-0.350095
-1.23266
-1.23266
-0.721424
-0.721424
0.540134
0.540134
-0.395639
-0.535359
0.85481
1.23568
1.23849
1.23849
-0.0519942
-0.812659
-0.396434
-0.737326
-0.446839
-0.446839
-1.29025
-0.920054
-2.3983
-2.3983
-1.97899
-2.45806
-2.86807
-3.03099
-1.02016
-0.229599
-1.11782
-2.10631
-2.82135
-3.58402
-3.58402
-4.71808
-5.1507
-4.97217
-4.97217
-2.1161
-2.27545
-2.45924
-1.80951
-2.62115
-2.62115
-2.27527
-1.52302
-1.41556
-1.41556
-1.59555
-1.63229
-1.63229
-2.21739
-1.81337
-1.53021
-1.17987
-1.66742
-2.84665
-3.21924
-3.58307
-3.74755
-3.98052
-2.92886
-1.73465
-0.8949
-0.856858
-1.86874
-1.10095
-1.25224
-2.41423
-2.63816
-1.96626
-3.26135
-2.7436
-2.7436
-2.09223
-3.18178
-2.52114
-3.36208
-2.45854
-1.79723
-2.30211
-1.61445
-3.22837
-3.22837
-3.22837
-1.47796
-1.87635
-0.614047
-1.56862
-1.96941
-2.11306
-2.11306
-2.64464
-2.72601
-2.02588
-1.53054
-1.53054
-1.90176
-0.490714
-1.39162
-0.599253
-0.62003
-0.62003
-2.39298
-2.95667
-1.98869
-2.2081
-1.87161
-1.426
-2.6706
-2.6706
-2.17785
-2.4555
-3.04509
-2.90843
-2.90843
-3.05289
-2.60226
-1.48319
-3.17858
-4.22687
-6.66355
-6.66355
-6.79327
-5.70156
-4.39729
-4.75319
-4.75319
-3.6285
-3.05832
-2.40616
-2.04268
-1.63342
-2.29267
-1.96941
-1.15613
-1.15613
-1.11153
-1.07175
-2.63005
-2.83605
-1.05499
0.224453
-1.34858
-1.00593
-1.00593
-0.558881
-0.590617
-0.29699
-1.44334
-1.49201
-0.652325
-0.728532
-1.84896
-0.445468
-2.49995
-3.12917
-3.12917
-4.23667
-2.96447
-3.67936
-3.31116
-2.60428
-3.50077
-4.02651
-3.90919
-4.34781
-2.65445
-2.65445
-3.52283
-3.43245
-2.08163
-3.06719
-3.60544
-1.77885
-2.84058
-3.39931
-3.59132
-3.3485
-1.81858
-1.25248
-1.25248
-0.0532092
-0.0532092
-0.507686
-2.45972
-2.87171
-2.87171
-2.60682
-1.24215
-1.61715
-2.08784
-0.876421
-1.41997
-1.37136
-1.35601
-0.67555
-1.5851
-2.73298
-3.60056
-3.60056
-3.86198
-3.87654
-3.87654
-3.60303
-1.50417
-1.97578
0.374085
-0.194011
-1.57294
-0.56327
-1.2944
-1.64085
-0.531616
-0.531616
-0.531616
-0.136259
1.09956
0.635815
0.635815
0.418398
0.00386837
-1.94452
-0.0282074
-0.705091
0.22132
0.431129
0.809196
0.931499
0.931499
0.945086
0.849487
0.116836
0.0915642
-2.23724
-0.493284
0.108261
-0.933681
-0.485811
-1.21852
-1.51238
-1.85606
-1.32209
-1.10007
1.03167
2.18188
1.96639
0.99744
2.26591
2.26591
1.84886
2.6776
4.15138
4.15138
4.15138
3.47641
3.62672
3.56802
3.46976
3.46976
3.46976
2.7782
2.7782
3.59469
3.8401
2.32904
2.48543
2.48543
2.48543
2.50722
2.50722
1.30827
1.85965
0.360879
0.360879
1.02871
1.02871
1.28201
1.46098
0.524636
0.524636
0.934572
0.934572
0.893515
1.20742
0.643497
0.909534
0.909534
0.909534
0.219432
0.219432
-0.779151
-1.39513
-1.03777
-0.3829
-0.788084
-1.95413
-1.66964
-0.505495
-0.612829
-1.38682
-0.575686
-0.0649584
-0.0649584
-0.565867
-0.330476
-1.26624
-3.07522
-2.4681
-1.66645
-3.08283
-2.97676
-2.40904
-1.95621
-1.85224
-2.0435
-2.0435
-2.09482
-0.825136
-1.33748
-1.84805
-1.1738
-1.1738
-1.08368
-1.59141
-2.27782
-3.01706
-1.40982
-2.6438
-2.64306
-3.20097
-1.79752
-1.88865
-1.88865
-2.36625
-1.99123
-2.41196
-1.50194
-1.05445
-1.25048
-1.37225
-2.20309
-2.43553
-1.80547
-1.80547
-2.47615
-1.70465
-3.16731
-2.92781
-4.19214
-4.19214
-4.12479
-3.42842
-3.86783
-4.52861
-4.32537
-3.44287
-1.99643
-2.42826
-2.06364
-1.74042
-1.24137
-1.2535
-0.0948089
0.834705
0.0488946
0.509624
-2.78232
-3.55269
-2.934
-2.38855
-1.92034
-0.755678
-2.39991
-2.83563
-3.2863
-3.38346
-3.55978
-2.97977
-4.24747
-3.20211
-2.09248
-2.70273
-2.65754
-1.37412
-1.37412
-1.56764
0.371002
1.1173
0.961234
0.296855
0.536631
0.536631
-0.699692
-0.218466
-0.40879
-0.787778
-0.610765
-1.93585
-2.28787
-1.18176
-1.18176
-0.937812
-2.17181
-0.728957
-0.950502
-3.17191
-3.22206
-3.49472
-3.52107
-3.8942
-3.67503
-4.03256
-4.41462
-3.80778
-3.97361
-4.188
-4.83209
-5.82067
-5.82067
-6.93363
-7.15461
-4.41345
-4.41345
-4.41345
-4.67047
-3.65618
-3.6793
-3.56892
-2.68294
-2.98309
-2.98309
-4.26719
-2.9918
-2.9918
-3.4366
-1.70259
-1.87842
-1.87842
-1.87842
-3.22203
-4.2806
-3.82463
-3.23873
-3.16269
-1.42007
-0.503274
-1.03979
-1.32701
-0.758923
-0.758923
-1.76601
-2.58874
-2.54265
-1.15607
-0.322271
0.0936807
0.287141
0.287141
0.287141
-0.418252
0.542036
0.30374
-1.69615
-1.3102
-1.10046
-0.655047
-0.215725
0.167299
1.3878
0.924116
1.53956
1.53956
2.00681
1.12003
0.316488
0.316488
-0.457145
0.965824
1.63797
1.63797
0.927595
0.927595
1.83714
1.13923
1.13923
1.13923
-0.271752
-0.331101
-2.25143
-2.25143
-2.25143
-2.43386
-2.51297
-0.474502
-0.879687
-0.879687
-0.28273
0.105863
0.105863
-0.0398001
-1.26621
-1.62006
-1.55939
-2.34082
-2.46254
-2.86236
-2.86236
-0.984674
-2.4564
-2.49016
-2.43167
-3.31163
-3.62249
-2.39692
-2.26663
-1.86998
-1.50161
-0.516469
-0.924513
-0.857112
-0.702608
0.226373
0.0949939
0.631459
0.631459
2.50351
2.11744
1.60635
1.42012
0.973061
-0.343196
-0.602484
-0.870898
0.0518018
-0.570784
0.437502
2.06421
0.0515112
-0.426321
-0.490488
-0.480133
-0.883891
-2.60914
-2.082
-2.082
-1.87514
-1.87514
-0.564023
-0.564023
0.494349
-0.14815
0.878042
0.942596
-0.200846
-0.200846
-1.22942
-1.99468
-1.74792
-2.9559
-2.81551
-1.7694
-4.20374
-3.82123
-3.82123
-1.81824
-2.0732
-3.1338
-3.1338
-4.98592
-4.98592
-5.17885
-5.17885
-5.37944
-5.16758
-4.90983
-4.38055
-4.38055
-4.33761
-3.12016
-2.29033
-2.07735
-0.638195
-1.53155
-2.74604
-3.21158
-3.05993
-3.74676
-5.0064
-3.23505
-3.61402
-3.61402
-4.52681
-3.94638
-3.23774
-2.24899
-1.1158
-0.697231
-0.648533
-1.6625
-2.40806
-4.012
-4.28976
-5.47883
-4.4364
-4.4364
-4.38178
-5.53928
-4.19095
-4.53045
-3.27255
-3.62164
-2.55381
-2.55381
-1.25487
-2.4931
-2.4931
-1.23274
-1.22884
-1.22884
-2.21859
-1.50826
-0.613894
-1.31632
-2.00307
-0.38815
-0.297929
-0.892633
-2.04737
-2.46329
-2.54266
-3.129
-3.129
-2.38842
-2.38842
-1.9694
-2.33853
-3.37634
-5.63214
-5.3097
-5.43088
-5.1568
-6.45966
-6.54999
-5.69701
-5.69701
-4.77709
-4.77709
-5.96906
-7.03137
-7.03137
-6.2927
-6.2927
-4.1984
-4.1984
-4.36074
-2.46547
-3.38863
-1.52251
-2.86548
-3.80935
-2.42418
-2.1261
-1.1798
-2.17183
-2.65916
-3.03863
-2.52129
-2.14065
-2.76465
-2.45067
-2.86738
-1.62675
-2.23218
-3.14028
-1.07315
-0.876445
-1.04721
-0.5868
0.577722
-0.898951
-1.19178
-3.02592
-0.936441
-3.14018
-3.14018
-3.14018
-2.80638
-2.94902
-3.02845
-2.31832
-1.89356
-1.29932
-1.29932
-0.205966
-1.09276
-1.56138
-2.761
-2.03844
-1.62262
-0.671745
-1.23483
-1.36898
-0.363254
-1.43704
-1.49018
-2.28572
-1.77082
-2.22287
-2.01174
-3.40712
-2.86022
-2.88469
-3.77709
-3.14015
-3.14015
-3.06636
-2.26463
-2.55046
-3.62034
-3.73392
-3.73392
-3.78134
-2.41243
-2.44681
-5.25615
-5.09451
-4.80526
-4.97332
-4.55556
-4.55556
-4.65827
-4.76106
-3.15857
-2.72904
-1.34594
-1.01696
-1.01696
-0.200843
-0.34368
-2.07568
-1.72239
-0.495301
-1.06792
-1.0173
-2.56165
-0.944831
-1.75598
-1.97171
-1.97171
-2.38254
-2.38254
-2.38254
-3.29594
-4.09217
-4.09217
-3.55183
-3.67363
-3.69766
-2.20598
-3.11843
-3.23905
-3.20757
-3.68774
-4.04898
-4.04898
-3.88741
-4.67937
-6.54893
-8.02899
-8.15136
-7.47732
-8.06434
-6.90585
-6.09161
-4.93266
-4.38548
-4.38548
-4.56936
-3.57705
-2.68865
-3.34856
-3.62441
-1.82544
-2.47635
-2.27744
-1.51107
-1.51107
-2.77379
-1.83214
-2.50028
-0.767586
-0.630069
-0.630069
-1.16611
-1.7974
-2.4534
-2.86966
-2.13432
-4.27033
-3.56174
-3.58921
-3.96256
-3.96256
-4.45717
-3.58015
-3.25239
-4.28168
-3.81422
-4.09876
-3.80775
-3.38252
-3.90767
-3.59257
-3.99961
-4.05936
-3.1923
-3.92257
-3.31004
-3.73498
-4.97272
-5.8625
-4.43706
-4.88244
-3.70871
-3.30514
-2.21472
-2.40162
-2.7479
-4.02343
-3.59056
-0.955068
-0.981101
-0.981101
-1.29554
-1.3052
-1.07035
-1.38397
-1.67014
-1.18357
-2.53176
-2.92961
-2.86363
-2.23346
-2.32968
-2.32968
-1.62903
-2.59027
-2.68153
-3.29384
-2.98242
-0.134411
-0.716509
-2.10488
-1.33485
-1.33485
-1.28313
-1.35678
-0.860943
-0.860943
-0.860943
-0.508527
0.51746
0.518438
0.518438
0.518438
0.756435
0.181764
0.856915
0.892474
0.804618
1.2858
0.999747
0.999747
0.549132
-0.904984
-2.89509
-2.41362
-2.28241
-2.1807
-2.32514
-2.32514
-2.36786
-3.37766
-1.39536
-0.8061
-1.39595
-1.39595
-1.35066
-1.83679
-2.69882
-2.12841
-1.45435
-1.15102
-1.51102
-1.51102
-1.51102
-1.51911
-1.55513
-0.197843
-0.814709
-1.11004
-0.792342
-0.792342
-1.99101
-1.81367
-1.81367
-0.657239
0.255085
0.0376516
0.336009
0.659602
-0.0254647
-0.0254647
-0.0254647
-0.0319004
-0.0319004
-0.895447
-0.895447
-2.86288
-3.84183
-3.84183
-3.44376
-1.21591
-1.11828
-2.09788
-3.77653
-1.0615
-0.948275
-0.313653
-0.75359
-0.75359
-3.16882
-3.16882
-2.18437
-2.63123
-3.03759
-3.03759
-3.60606
-4.11678
-4.10427
-4.31237
-4.66957
-4.66957
-4.66957
-4.05713
-3.30099
-2.25423
-1.76354
-2.90339
-3.7888
-2.89762
-4.01095
-2.52694
-1.05088
-1.72689
-3.03759
-3.44656
-4.1531
-3.46957
-3.46957
-2.62478
-2.2372
-3.06636
-3.38494
-3.32076
-3.04684
-4.06335
-3.24372
-3.2638
-2.67824
-3.43439
-2.11421
-2.48636
-2.08597
-1.23458
-0.870073
0.59031
0.634539
0.634539
0.634539
0.664778
1.87724
1.87724
1.87724
1.10473
1.37323
-0.761817
-0.761817
-2.08302
-1.08487
-1.47615
-3.5417
-4.08112
-3.91461
-3.61185
-3.61185
-4.37958
-4.37958
-3.84439
-2.76736
-1.92295
-1.51518
-2.09412
-2.01941
-1.60594
-1.60594
-2.99469
-2.77151
-3.65835
-3.03343
-3.03343
-3.03343
-5.20351
-4.12788
-4.29039
-3.02301
-4.02795
-3.31119
-3.784
-3.07522
-3.07522
-3.10141
-2.69145
-2.789
-3.02934
-3.08029
-2.61918
-1.84077
-1.29425
-1.20619
-1.55762
-1.55762
-1.13992
-0.677993
-0.172796
0.293753
0.489575
-1.35046
-1.1988
-1.1988
-0.709961
-0.572714
-1.02968
-1.16164
-2.242
-1.70626
-1.83718
-1.24359
-1.18176
0.156465
-1.23347
-1.96398
-0.0544927
-1.19561
-1.19561
-1.19561
-0.358144
-0.849948
-0.663044
-1.39279
-1.39279
-1.66046
-2.93152
-2.0457
-2.28874
-2.63093
-2.28358
-2.63358
-2.63358
-1.71645
-2.29693
-2.90634
-2.7362
-4.11208
-4.11208
-3.96882
-2.40631
-2.47265
-1.79477
-2.55675
-1.42911
-2.09483
-3.52796
-3.52796
-4.85563
-5.2366
-5.60783
-6.31817
-4.51699
-4.68414
-4.54118
-6.05983
-6.29022
-4.95233
-4.95233
-5.70843
-5.38606
-5.36345
-4.96106
-5.0665
-5.0665
-4.58501
-4.6263
-3.47319
-4.79675
-4.55973
-4.93436
-3.96364
-3.96364
-3.96364
-3.96364
-3.64488
-3.69833
-2.99009
-1.87705
-1.23277
-1.9613
-2.38398
-3.64072
-2.61992
-2.16958
-1.82701
-0.672893
-0.192997
0.17949
-0.124494
-0.142092
-0.716693
-1.15407
-0.643442
0.0561051
0.0561051
0.0561051
-0.456767
-0.357145
-1.86868
-0.838958
-0.838958
0.499866
-0.547573
-0.25549
-0.626116
-0.626116
-0.391695
-0.391695
1.16294
1.02445
0.105749
-0.579415
-0.388713
-0.388713
-1.11134
-2.33015
-2.51771
-2.30769
-0.816788
-0.0863893
-0.0863893
-0.319083
-0.53527
-0.646963
0.441999
0.563942
0.707364
1.03327
0.310364
0.310364
1.171
-0.934206
-1.04509
-0.66634
-1.22527
-0.644381
-0.644381
0.0327571
-0.778062
0.635876
0.397416
0.49556
0.372208
-0.647027
-1.43557
-0.69154
-2.07599
-2.35622
-2.80424
-3.06964
-3.50463
-1.57136
-2.18491
-1.8339
-1.29391
-3.39185
-2.61749
-2.41689
-2.88854
-2.62347
-0.974606
-0.428194
-0.428194
-0.428194
-0.899231
-0.676046
-0.686942
-0.686942
0.509455
-0.28949
-1.45637
-1.34339
-2.2786
-3.50397
-3.571
-3.571
-3.21484
-3.38029
-4.29831
-4.14484
-4.16377
-4.16377
-2.82366
-2.82366
-2.9964
-2.65914
-3.49707
-3.15625
-3.15625
-1.77992
-1.49881
-4.10519
-4.93722
-4.93722
-3.67794
-3.46488
-4.69289
-4.69289
-4.69289
-3.90478
-2.88193
-0.899705
-0.899705
-1.26854
-1.69902
-1.73862
-2.03575
-1.49907
-1.49907
-1.59605
-1.83406
-1.83406
-1.24762
-1.54298
-1.90348
-1.53333
-2.09474
-0.487421
-0.487421
0.633979
-0.305482
1.14052
0.538481
-0.39846
-1.85526
-1.85526
-1.87131
-0.341459
-2.29965
-1.80338
-1.80338
-1.80338
-0.558862
-0.558862
-0.6828
-0.6828
-0.637004
-2.51137
-3.588
-4.17656
-4.17656
-4.17656
-2.24658
-1.65568
-1.02269
0.113726
0.113726
0.218961
-0.554347
-1.08782
-2.85026
-2.85026
-2.85026
-3.52396
-1.97456
-1.97456
-2.51525
-2.10394
-2.20803
-2.74757
-2.90466
-1.51649
-1.42749
-0.449693
-1.26701
-2.97803
-1.6062
-2.69805
-2.69805
-3.7933
-3.7933
-2.83196
-2.43997
-2.43997
-1.50682
-1.50682
-1.21285
-1.77773
-1.30631
-1.18141
-0.429156
-1.21428
-1.69976
-1.30927
-1.96343
-2.06259
-3.16892
-3.64573
-2.78968
-3.60499
-2.48354
-1.17455
-3.43539
-3.01655
-4.30416
-3.17009
-4.18659
-4.31315
-4.31315
-2.66909
-2.52205
-2.96445
-3.55089
-4.17515
-4.17515
-3.74233
-4.57127
-4.77978
-3.98039
-3.97132
-3.2463
-2.99313
-3.77964
-3.39455
-3.5764
-4.08543
-4.08967
-3.90743
-3.36576
-1.7527
-2.17466
-1.46721
-1.48961
-0.497075
-0.497075
-1.70725
-2.87813
-2.05886
-2.05886
-2.52899
-3.4564
-3.76775
-4.14128
-3.92218
-3.92218
-3.92218
-2.87049
-2.87049
-4.07012
-5.30374
-2.39248
-2.39248
-2.4214
-2.27186
-2.91493
-3.86297
-2.05509
-2.80569
-3.90006
-3.92701
-3.89414
-2.82578
-3.02025
-3.76053
-3.24002
-3.5483
-2.58635
-2.27304
-4.27852
-4.07878
-3.54633
-4.9391
-4.00591
-4.00591
-4.57617
-4.3602
-4.3602
-4.07973
-3.43173
-3.43173
-2.93579
-3.93534
-3.32592
-2.86395
-2.12857
-1.70239
-0.458304
-0.458304
1.00586
1.16397
1.16397
0.45812
0.45812
-0.736658
-1.11754
-1.56905
-2.0107
-3.39553
-3.93632
-3.93632
-3.3712
-3.3712
-3.3712
-2.89379
-2.89379
-3.00707
-2.49261
-2.78681
-2.91858
-4.02637
-3.80705
-3.75575
-3.40849
-3.40849
-3.55586
-4.12127
-1.22667
-0.477259
-1.27361
-1.68815
-2.26308
-2.0071
-2.44733
-1.41641
-1.41641
-1.26895
-0.886685
-1.79312
-1.02288
-1.2759
-1.34
-0.386554
-0.386554
-2.15769
-2.15769
-2.15769
-2.63204
-2.63204
-5.59447
-5.59447
-7.42769
-7.16855
-6.17986
-5.88374
-5.88374
-5.88374
-5.19346
-4.09604
-2.84696
-2.84696
-2.34807
-2.34807
-3.71026
-3.00768
-1.65767
-0.371832
-0.276599
0.523535
-0.329112
-0.522011
0.41807
0.41807
-0.603399
0.368652
0.0951053
-0.754821
-3.01227
-1.89301
-2.2392
0.203764
-0.244684
0.974997
-0.960485
-0.23658
1.04217
1.17312
1.63083
1.20176
1.51848
1.37559
1.37559
0.023399
-0.0362846
-0.0362846
-0.502003
-0.218964
-1.20667
-2.06112
-2.83849
-2.17657
-1.8702
-2.59996
-2.08675
-1.74293
-1.29198
-1.38375
-1.41145
0.898468
0.236405
0.72009
0.0032157
1.46136
-0.360853
-1.10878
-1.10878
-1.82408
-1.82408
-1.82408
-1.71319
-2.14753
-1.18293
-0.724672
-0.581508
0.128996
-0.343995
0.489683
-0.921006
-0.822563
-0.514488
-0.787653
-0.787653
-2.42665
-1.43896
-0.575215
-0.731803
-1.20776
-1.36398
-1.36398
-1.36398
-0.874048
-1.30771
-1.16362
-1.16362
-1.6996
-2.11768
-1.73677
-3.46624
-4.23875
-5.91556
-6.78263
-6.82811
-6.96136
-6.77986
-6.77986
-6.42475
-6.42475
-6.42475
-6.34341
-4.59917
-3.60815
-2.86439
-3.69642
-4.46442
-3.87579
-3.25949
-2.44994
-2.54459
-2.88482
-2.54371
-1.86601
-1.39277
-2.10622
-2.06973
0.795542
-0.334659
-0.459796
-0.572123
-0.068905
-0.175253
-0.343749
-1.35628
-1.97525
-2.65636
-2.9774
-2.90661
-2.90661
-2.90661
-3.3624
-2.1924
-0.206047
-1.84125
-1.12356
-0.887272
-1.38635
-1.38635
-0.000850662
-0.195214
0.0751084
0.00104344
-0.587089
-1.28674
-1.30472
-1.9913
-3.16803
-3.30903
-2.31394
-1.86386
-2.91671
-4.16162
-3.37612
-2.60782
-2.63948
-2.25123
-1.27029
-1.27029
-2.74984
-2.9912
-2.9912
-1.48107
-1.63386
-1.61418
-3.7919
-4.15504
-2.06645
-1.72868
-2.1293
-1.84384
-3.17794
-3.48455
-3.11019
-1.95168
-1.44204
0.526646
1.29241
1.77153
-0.276864
-0.857518
-0.638474
0.121777
0.121777
0.121777
-0.106656
0.210551
-0.13117
0.0850991
-0.0546305
0.997098
1.97117
0.719289
0.812911
-0.133821
-0.42591
-0.42591
-1.21951
-2.26516
-2.72648
-3.45404
-3.42242
-3.56588
-5.18614
-4.44016
-4.44016
-3.27018
-4.49648
-2.94526
-2.85417
-2.85417
-2.73296
-2.3076
-2.98645
-3.17463
-3.30854
-3.30854
-2.48851
-1.77214
-1.89705
-1.89306
-2.54742
-2.03598
-2.76045
-2.76045
-3.92589
-3.92589
-3.92589
-4.50439
-4.21001
-3.97848
-2.50631
-2.37088
-2.86823
-1.7519
-2.08799
-2.45172
-0.283003
-0.522247
-2.34456
-2.52271
-3.33323
-4.24965
-4.91325
-4.91325
-5.46388
-5.46388
-5.46388
-5.9449
-5.9449
-5.9449
-4.49242
-5.53671
-4.8376
-4.8376
-5.30246
-5.30246
-4.86499
-5.03972
-5.58567
-5.58567
-4.58923
-4.58923
-3.8725
-4.2146
-1.07429
-1.07429
-1.07429
0.342132
0.468276
-0.770325
-0.770325
-0.280888
-2.68723
-3.83151
-3.83151
-2.93541
-1.95165
-0.634774
0.0411434
-0.550279
-1.72739
-1.96276
-2.52339
-2.85009
-2.13013
-2.22448
-3.03678
-2.26598
-3.28855
-3.53408
-3.09998
-2.22758
-1.51437
-1.46082
-1.22731
-2.42281
-1.48435
-1.48913
-0.986409
-1.37251
-1.61615
-1.90199
-1.90199
-1.92893
-2.4459
-1.62713
-2.67626
-2.14638
-2.14638
-2.33836
-1.69463
-1.41323
1.94222
1.94222
0.615968
1.49443
1.481
0.721441
0.721441
1.6584
2.52466
2.33399
2.25914
2.72705
2.59963
2.59963
1.33546
1.33546
1.34597
0.538784
0.195891
0.195891
0.195891
-0.242089
-0.604009
-1.86744
-1.7272
-0.931091
-3.26991
-2.47906
-0.414887
-1.07614
-1.17837
-1.27145
-0.71174
-0.71174
1.0272
0.283126
-0.816358
-0.630747
-0.551653
-1.43362
-1.7145
-2.28103
-3.53606
-4.61021
-4.61021
-4.61021
-3.71434
-2.67664
-2.91305
-2.26478
-2.6667
-2.26445
-4.37332
-3.28338
-2.78443
-3.51642
-2.50351
-1.80448
-0.254834
-0.518142
-2.06642
-3.56994
-3.99296
-4.76099
-4.66475
-2.36284
-3.06765
-3.0626
-3.0626
-3.38715
-4.00038
-3.69958
-3.69958
-3.3604
-3.3604
-3.3604
-3.86668
-4.07349
-5.2539
-5.84051
-5.32733
-5.32733
-5.23272
-5.24693
-5.24693
-5.76456
-5.02683
-5.07801
-4.85451
-5.94642
-6.00573
-5.52387
-5.52387
-5.77136
-5.77136
-5.66795
-4.6093
-4.55658
-4.81511
-4.66732
-4.70793
-5.84559
-4.4771
-4.25351
-3.95383
-3.41157
-3.20069
-2.13609
-0.243652
0.902811
1.08745
0.892707
0.751401
-0.0167497
-1.31743
-1.51929
-1.75412
-3.55856
-4.49726
-2.64064
-1.71987
-1.27169
-0.760109
-0.326574
-1.45837
-2.55932
-2.24192
-3.39097
-2.57797
-1.64965
-2.42579
-1.59456
-3.49226
-3.49226
-3.16669
-4.29984
-4.64789
-4.64789
-3.39592
-4.44715
-4.0463
-3.6549
-2.90817
-2.78857
-3.1647
-3.1134
-3.32363
-3.95432
-4.57041
-3.78936
-2.83123
-2.82769
-2.82769
-1.97564
-1.97564
-0.324587
-0.324587
1.04416
1.04416
1.04416
-1.09618
-0.367553
0.376677
-0.106275
2.1677
2.55887
3.53968
3.53968
2.21145
4.18502
4.18502
4.46624
4.46624
4.46624
4.46624
4.46624
4.29347
2.0477
2.39295
3.40778
3.40778
3.59905
2.64383
2.64383
2.38239
1.92777
0.697138
0.180292
0.756369
1.63181
1.02453
0.133774
0.610525
1.33854
-0.149543
-0.950417
0.39005
0.934097
1.00174
1.27634
-0.131838
-0.905515
0.720754
0.759023
1.27136
1.09715
2.25971
1.10955
-0.342736
-1.56305
-1.28836
-1.41824
-3.64978
-1.74101
-1.74101
-1.26326
-1.4702
-1.44545
-1.14607
-2.09866
-2.09513
-0.920938
-0.225873
-0.158341
-1.08007
-0.0401739
-0.0401739
-0.0401739
-0.0401739
-0.0401739
1.01378
0.477561
0.798066
0.640999
0.640999
2.12453
2.006
2.82279
3.05178
3.25417
2.94304
2.42165
2.48032
2.48032
2.07034
2.59332
2.65288
0.338181
1.33975
1.39022
0.317906
-0.0751861
-0.106461
-1.34086
-2.2243
-2.42328
-2.8273
-3.83194
-5.04112
-3.83032
-3.83032
-3.75756
-3.65693
-3.65693
-2.42631
-1.78555
-1.84456
-3.7144
-3.62472
-3.28949
-3.67404
-3.67404
-3.86294
-2.05566
-3.83624
-3.66218
-3.66218
-4.83323
-4.78385
-4.78385
-6.15119
-6.51558
-6.51558
-6.51558
-6.60883
-7.08736
-7.08736
-6.83144
-5.86892
-5.67494
-5.67494
-6.08301
-6.10467
-6.84984
-5.35721
-5.56445
-4.88868
-2.86685
-2.0297
-4.0468
-2.67502
-1.68775
-2.39845
-1.79869
-0.898734
-0.433035
0.743314
1.67003
0.839916
0.78069
1.16046
-0.502682
0.847253
0.647121
0.380979
1.49679
0.617699
0.617699
-0.133861
-0.133861
0.163782
-0.00835628
-0.866978
-1.16216
-1.16216
-1.88033
-2.37073
-2.77356
-2.77356
-2.96357
-2.11721
-4.80146
-4.24707
-3.45213
-3.19727
-3.19727
-2.96205
-0.844276
0.608072
0.955375
-0.174818
-1.62109
-2.45127
-2.45127
-0.82907
-0.326524
-1.65714
-2.43043
-2.43043
-1.64048
-1.93189
-2.20139
-1.34639
-1.82814
-3.39942
-2.11627
-2.11627
-0.0715926
-0.219266
-0.480274
-1.36439
-0.647259
-0.590719
-1.50283
-1.56635
0.235466
0.235466
0.473195
0.799738
0.799738
0.624396
1.51335
0.919347
0.331835
0.331835
-0.671053
-2.25966
-2.22329
-1.67167
-1.25352
-0.444384
-1.11997
-0.446424
-1.05408
-1.83404
-2.95863
-2.08397
-2.00153
-2.83003
-2.59754
-2.59754
-2.59754
-3.39826
-0.507379
-0.665997
-0.39282
-2.28325
-2.28325
-4.45043
-5.87796
-5.87796
-7.35884
-5.72779
-3.32909
-2.57647
-3.02461
-2.90164
-2.75007
-2.01833
-1.9759
0.0611007
0.0917868
-0.0698613
-1.23547
-1.20606
-3.02751
-4.12915
-4.12915
-2.75613
-1.59383
-0.00419833
1.0494
1.0494
-0.641619
-0.832529
-1.84061
-1.34189
-1.72659
-1.82199
-1.58739
-2.40034
-1.47765
-1.74349
-2.69271
-3.03041
-3.03041
-2.22252
-1.81428
-2.75834
-2.80495
-1.76436
-1.76436
-2.44753
-1.2849
0.0508691
0.728185
0.343515
-0.393695
-1.26529
-2.50301
-1.9453
-1.59491
-1.59491
-1.9969
-2.19617
-2.19617
-1.97399
-1.53555
-0.920653
-2.30251
-3.13197
-0.19087
-1.46973
-2.17558
-2.69295
-2.73789
-2.32624
-1.59635
-2.13746
-0.712144
-0.881426
-0.955965
-1.77413
-1.71123
-1.44815
-1.40694
-2.14947
-2.0209
-1.49715
-1.27765
-0.851862
-0.74518
-0.600558
0.351086
1.76111
2.13926
1.4582
1.4582
0.620005
-3.24542
-2.09483
-3.50664
-2.84554
-2.84554
-2.84554
-2.84554
-2.6769
-2.03015
-2.03015
-3.11204
-1.94408
-1.64758
-2.20792
-2.45211
-2.87934
-2.43789
-1.49633
-1.20839
-3.13374
-1.91086
-1.8999
-1.8999
-1.43558
-1.17895
-1.26789
-2.89303
-2.11869
-2.81797
-2.77747
-1.71971
-2.50928
-2.62822
-3.66197
-3.53701
-3.91426
-3.88125
-5.24688
-4.93999
-3.48447
-2.92617
-2.60987
-2.25747
-2.25747
-1.9144
-1.66704
-1.66704
-1.51399
-1.48803
-2.09811
-3.13054
-3.61034
-2.81848
-2.51309
-2.60697
-3.27556
-3.4534
-2.31195
-1.77936
-0.10839
-0.627657
0.360972
0.809545
0.748288
-0.246572
-1.47835
0.942471
0.211781
0.598958
-0.348384
-0.348384
-0.348384
-1.05807
-1.76359
-1.76359
-1.93176
-2.2482
-2.2482
-3.10109
-2.59722
-3.48351
-4.7982
-5.33546
-5.33546
-4.47664
-4.47664
-4.85406
-5.27463
-5.27463
-5.27463
-4.79738
-5.6459
-6.1495
-6.31591
-6.05781
-7.081
-7.081
-5.88372
-5.88372
-5.7716
-6.05229
-5.70713
-5.94493
-5.94493
-5.94493
-5.94493
-5.89033
-5.84479
-4.01391
-4.35065
-4.35065
-4.08091
-4.57013
-4.52378
-4.52378
-4.65305
-4.65305
-3.50147
-3.3199
-2.27562
-2.09351
-3.11677
-2.76485
-0.924162
-1.19765
-2.99335
-2.99335
-1.70798
-0.281822
0.505839
0.574115
0.0418895
0.516934
1.96957
0.541203
-0.325554
-1.52301
-2.47762
-1.76912
-0.770131
-0.155857
-1.61362
-1.12195
-2.1833
-2.04504
-2.61412
-2.48411
-0.760605
-1.08298
-1.20862
-2.04527
-1.62362
-1.62362
-1.84536
-3.09977
-3.29011
-3.43656
-3.1836
-2.97687
-3.13935
-3.13935
-1.64016
-1.32785
-1.80296
-1.71756
-1.94364
-2.05221
-2.05221
-1.72502
-0.895239
-1.17344
-1.93637
-3.19502
-3.16093
-3.16093
-3.91908
-3.91908
-2.98436
-2.98436
-2.31494
-2.31494
-2.48
-2.70562
-2.32412
-1.80856
-3.89072
-3.89072
-3.89072
-5.07235
-4.83531
-3.72553
-3.3549
-3.42162
-3.9091
-3.52698
-3.95465
-4.37312
-3.94792
-4.25869
-3.62155
-4.54002
-4.10545
-3.68545
-3.68545
-4.08667
-4.02781
-3.49639
-3.27564
-2.21818
-2.21818
-2.21818
-1.81378
-3.22071
-3.24785
-4.28541
-3.74818
-1.82417
-2.81565
-2.57212
-2.23865
-2.07005
-1.12026
-1.68731
-1.68731
-2.19262
-2.10949
-2.88675
-2.88675
-3.10613
-1.46947
-3.24764
-3.2145
-2.48889
-2.70149
-2.23081
-0.875904
-1.57224
-0.786399
0.581064
0.494917
-0.510175
-0.8044
-0.68896
-0.994086
-0.931761
-0.801448
-0.801448
-1.37803
-3.44683
-3.44683
-2.42567
-2.16357
-1.25199
-0.0729258
0.75395
-0.927105
-0.927105
-1.49739
-2.10835
-2.18423
-2.46268
-2.85434
-2.56561
-3.15841
-3.15841
-3.75632
-2.70522
-2.70522
-3.08647
-3.02638
-3.20531
-2.96402
-2.75418
-2.75418
-2.75418
-2.95553
-1.65281
-1.71941
-1.26982
0.210922
-1.27467
-3.00983
-2.75308
-2.73073
-2.18011
-1.32611
-0.80285
-2.53426
-2.64222
-1.23187
-1.23187
-1.89366
-1.91511
-1.57684
-0.910771
-1.79176
-1.31647
-1.91933
-3.60443
-2.81045
-2.94469
-2.99689
-1.92564
-4.38292
-4.38292
-4.49913
-4.28569
-3.47551
-2.58837
-2.96713
-2.96713
-3.31869
-2.59326
-1.65351
-1.6649
-2.62347
-3.24174
-0.87606
-0.87606
-2.85289
-1.78204
-1.78204
-2.22166
-1.31315
-1.613
-1.0279
-0.680768
0.309416
0.0536763
0.0536763
1.15843
1.23154
1.23154
1.01129
0.63442
0.63442
0.214174
-0.677634
-0.96281
-0.96281
-1.91478
-2.86464
-2.68367
-2.6682
-1.99601
-1.78066
-1.8755
-0.220019
-0.220019
0.939433
0.324866
-0.644537
-0.644537
-2.12118
-1.96677
-2.24089
-2.36768
-2.67144
-2.00385
-2.54831
-2.54831
-2.8639
-2.13093
-1.91656
-0.904801
-0.904801
-1.09203
-1.50689
-1.14906
-1.3627
-3.91215
-0.496809
-1.14959
-1.17624
-1.53469
-1.00655
-1.85445
-3.50468
-3.7298
-4.8763
-4.8763
-4.8763
-5.56294
-4.7022
-4.64782
-4.0456
-3.95663
-3.66405
-2.92484
-1.1458
-1.1458
-0.742765
-2.19495
-2.15041
-1.73954
-1.09137
-0.578654
0.035363
-0.109268
-1.08815
-0.89794
-1.03253
-1.03253
-0.210827
-1.25769
-0.678487
-0.678487
-1.6847
-2.00072
-1.03566
-0.0103707
0.448033
-0.461279
-0.436037
-0.0756101
-0.374601
0.0408988
-0.554426
-0.897559
-1.11257
-0.0613509
-0.0613509
0.357008
0.15826
-0.694717
-0.50158
-0.106212
-0.0329923
-0.115214
-0.0827726
-0.313039
0.141105
-0.465666
-0.581081
-2.51614
-2.51614
-2.48381
-3.30221
-3.52804
-1.35306
-1.41718
-2.87349
-2.66115
-2.11775
-1.90957
-1.37509
-1.37509
-0.561525
0.626854
1.70702
1.46902
2.08303
2.08303
1.87705
0.895062
1.73703
1.69123
1.69123
1.62593
1.62593
1.62593
0.544264
0.0588255
0.564462
0.18246
-0.161588
-0.66477
0.623988
0.623988
0.623988
-0.870617
-1.72135
-0.423012
-0.191714
-0.191714
-0.450573
-0.0445964
-2.24375
-1.52207
-0.986919
-0.986919
-0.956241
-0.956241
0.142669
0.142669
1.5192
1.62373
1.62373
1.75485
2.21492
0.790243
-1.85502
-3.26025
-2.49906
-1.22233
-1.77888
-2.28942
-2.32327
-2.54032
-0.277977
-1.30512
-1.61862
-1.4461
-2.54653
-2.14624
-2.83575
-4.14644
-4.14644
-3.47503
-1.68966
-2.75803
-3.76187
-3.76187
-3.69709
-2.44184
-1.70127
-3.1139
-1.92526
-2.93467
-3.42429
-3.28656
-2.77357
-1.75091
-2.2443
-2.23355
-3.95945
-3.95945
-3.62296
-4.56659
-3.90802
-2.74327
-2.91265
-1.49224
-2.67738
-2.62232
-2.953
-4.24133
-2.20216
-2.57959
-3.49675
-3.49675
-3.89587
-4.00147
-2.62704
-2.62704
-2.64087
-3.80218
-4.2188
-5.50018
-4.68923
-4.68923
-4.38641
-4.31052
-4.31052
-3.63511
-3.04305
-3.04305
-2.93689
-3.13822
-2.39317
-1.37991
-2.63769
-3.54397
-3.48537
-3.48537
-2.93006
-2.27339
-2.88588
-3.40163
-3.95701
-3.74612
-2.91032
-2.90984
-2.84635
-3.79817
-3.13867
-3.13867
-3.84179
-3.84179
-2.41336
-1.56461
-2.14589
-3.10718
-3.00881
-2.49059
-3.05451
-2.44868
-3.56419
-3.98701
-2.85004
-2.85004
-2.85455
-2.14976
-0.80144
-0.80144
-0.798504
-2.61024
-2.10075
-3.1768
-2.48431
-2.06477
-2.06477
-2.96689
-3.84329
-4.591
-5.56801
-5.56801
-5.82096
-6.47286
-6.22234
-6.22234
-5.70465
-6.52611
-5.51003
-5.75255
-5.70085
-5.64814
-4.90367
-4.90367
-4.90367
-4.90367
-5.51155
-4.16973
-5.40349
-5.40349
-5.40349
-5.8081
-5.12971
-5.12971
-5.04222
-5.52549
-4.10739
-4.73016
-4.60235
-3.84826
-2.66409
-1.88879
-3.121
-3.32235
-3.86003
-4.37128
-5.39241
-5.82346
-4.71771
-5.24261
-4.60228
-4.02993
-4.02993
-4.01275
-6.00488
-6.19209
-6.63742
-6.55791
-5.67381
-4.94514
-4.61519
-3.78812
-5.39974
-5.16949
-5.11114
-3.78818
-3.18898
-2.64923
-4.26013
-3.35742
-3.03721
-2.9666
-3.25374
-3.36308
-3.08587
-2.39042
-1.62703
-1.60973
0.108443
1.01067
1.01067
0.136855
-0.52935
-1.87314
-1.43214
-1.48398
-1.33041
-0.843444
-0.0576583
-0.256142
-0.676356
-1.47774
-0.702001
-2.05323
-2.1489
-3.34109
-3.34109
-4.27553
-4.03406
-2.13525
-1.57072
-1.57072
-1.29055
-2.39119
-3.71289
-3.24096
-2.85116
-2.85116
-2.85116
-2.85116
-1.00759
-1.00759
-1.00759
-1.36937
-2.13428
-1.72342
-2.41358
-2.55111
-2.6709
-2.85216
-2.78291
-2.78291
-2.75651
-2.30189
-2.40274
-3.03496
-4.19718
-5.5279
-5.5279
-7.17027
-7.17027
-7.87998
-7.80901
-5.27549
-3.5799
-4.1291
-3.61087
-3.63219
-3.7492
-3.7492
-4.76328
-3.44946
-2.94994
-2.44418
-2.78471
-4.0278
-3.23082
-2.92287
-2.44974
-2.44974
-0.297849
-0.14514
0.310001
1.3335
1.3335
-0.229224
0.419136
1.17599
0.663496
0.663496
0.663496
0.941685
2.54843
1.13833
1.66672
1.66672
0.842017
0.507506
-0.818892
-0.0622807
-0.985565
-0.63419
-0.63419
-1.34312
-0.790377
-1.18658
-1.18658
-1.48405
-1.17055
-2.09136
-0.935405
-1.0175
-1.38985
-0.765829
-0.765829
-0.00254829
0.230653
0.230653
0.348987
-0.282809
-0.130556
-0.130556
-0.960888
-1.44428
-2.62086
-1.7758
-2.71309
-2.34944
-2.4078
-4.00683
-4.61996
-5.38467
-4.49923
-4.49942
-4.467
-5.13715
-4.95185
-4.41595
-4.95497
-4.95497
-3.80492
-3.67217
-3.73556
-4.39998
-4.1522
-4.80155
-4.80155
-4.43872
-4.52673
-4.52673
-2.62313
-1.46176
-0.0855022
-0.591902
-1.0349
-0.823035
-0.991128
-0.645467
-0.645467
0.293091
0.637894
-0.835855
-0.742452
1.03194
0.415283
-0.421341
-0.909758
-0.909758
0.0843129
-1.6854
-2.27904
-2.53658
-2.48678
-3.17978
-4.01261
-4.08408
-4.08408
-4.08408
-4.073
-3.39336
-4.16995
-3.10766
-1.61179
-2.19899
-1.7859
-2.03862
-2.49873
-2.34123
-2.34123
-2.95167
-3.7678
-2.82451
-1.65646
-1.24136
-1.23608
-0.764459
0.197053
0.347339
-2.11848
-1.77732
-2.11081
-1.46163
-1.4538
-0.877695
-0.786732
-0.786732
-0.116089
-0.116089
0.686774
1.05293
0.876599
0.876599
0.876599
0.876599
0.965221
1.09958
1.09958
1.09958
0.641699
-0.150093
0.665065
-0.562372
-0.750119
-1.319
-1.95217
-1.18336
-1.63782
-1.17304
-2.0933
-1.49306
0.00246539
-0.294365
-0.559325
0.470013
0.356809
0.356809
0.78726
1.73032
1.47735
1.47735
1.60236
1.22776
0.939471
0.733613
0.780363
0.474952
-0.598909
-0.769224
0.133053
-1.03456
-2.24809
-1.09673
-1.09673
-0.687297
0.522114
0.0810281
-0.329188
-0.408454
-0.994767
1.27184
0.2785
0.137498
0.137498
0.137498
-1.53988
-0.722716
-0.389594
0.0287621
0.483781
1.29047
1.29047
1.29047
1.57584
1.57584
0.973213
0.973213
-0.363777
-1.0111
-0.678663
-1.59772
-1.23806
-1.33984
-0.94762
-0.891865
-1.38856
-1.38856
-1.69816
-1.03001
-0.66917
-0.938076
-1.51103
-1.33995
-1.61536
-3.54166
-4.08498
-6.42406
-5.83696
-5.81367
-5.6883
-5.6883
-5.6883
-5.6883
-7.74863
-7.74863
-5.98542
-4.55463
-4.16967
-3.95367
-5.83283
-4.99512
-6.00805
-4.71869
-4.58747
-4.03795
-2.55358
-2.55358
-2.18281
-2.28042
-2.74366
-3.33322
-1.89459
-1.06601
-2.03788
-2.22793
-3.11428
-3.71984
-2.99287
-2.78932
-4.25119
-2.78841
-1.90351
-1.00406
-1.42225
-1.20679
-1.20679
-1.39857
-1.7856
-2.50013
-1.47908
-0.151719
0.268796
-1.94755
-3.24182
-1.55937
-1.17196
-1.17196
-0.128714
-0.551226
-0.551226
0.373091
1.66904
1.66904
1.4048
0.149485
0.149485
0.465349
0.185233
0.160639
-0.705545
-1.11033
0.0500704
-0.8486
-1.70212
-1.55839
-0.710263
-0.710263
0.0302065
-0.275141
-0.275141
-0.561841
-0.561841
-2.62737
-1.42571
-2.29143
-0.893372
0.352767
-1.15325
-2.09919
-2.39
-2.67425
-3.685
-3.685
-3.685
-2.79833
-3.29938
-3.29938
-4.52604
-4.59385
-4.34858
-4.07848
-4.07848
-6.07181
-6.07181
-6.07181
-4.35125
-3.71893
-4.46716
-4.60823
-4.60823
-5.69571
-4.52759
-2.72468
-1.64031
0.103498
1.94656
1.08193
1.08193
1.35301
1.35301
1.15128
1.21766
1.21766
0.701501
-1.80998
-2.82805
-1.91242
-2.52846
-2.80228
-1.63502
-3.02532
-1.99936
-1.36602
-1.29286
-1.52414
-4.40661
-3.70669
-3.70669
-4.58236
-6.56959
-6.43228
-6.43228
-6.18036
-6.37912
-5.95984
-5.03665
-5.59317
-5.59317
-3.01506
-1.54028
-1.54028
-1.54028
0.439881
-0.0923324
-1.93484
0.0253398
-0.385959
0.00948088
0.627079
0.938037
0.476546
1.56551
1.95206
1.80241
2.0135
2.0135
0.801903
0.732133
0.732133
0.732133
0.657001
1.57538
0.911021
0.911021
0.911021
0.511769
0.511769
0.570271
1.77046
0.59557
-0.719963
-0.719963
-1.5025
-1.25168
-1.25168
-1.15242
-0.653501
-1.34676
-1.14829
-2.03209
-2.35159
-2.35159
-3.31495
-4.26845
-3.80599
-3.98784
-3.96214
-3.29457
-1.90457
-1.73391
-3.58129
-3.58129
-4.30422
-4.34897
-4.34897
-4.34897
-4.56031
-4.52021
-4.52021
-4.52021
-4.52021
-4.52021
-3.32946
-3.20352
-3.25746
-3.07928
-2.63379
-3.13285
-2.70802
-4.12786
-3.87506
-4.47539
-3.33319
-2.59525
-2.40197
-2.3461
-1.47821
-2.53745
-2.52092
-2.52092
-2.52092
-1.67795
-2.70229
-2.70229
-1.6115
-0.787296
-0.816505
-1.91767
-2.48776
-2.48776
-2.48776
-2.78587
-2.46621
-2.46621
-0.804886
-0.975247
-0.810139
-2.73924
-2.73924
-3.11624
-3.74894
-3.74894
-3.74894
-3.48966
-1.88911
-1.71689
-2.51102
-3.23924
-3.23924
-4.47915
-3.73568
-3.73568
-2.5024
-3.99347
-4.60464
-4.60464
-5.15035
-4.3519
-4.0651
-4.0651
-3.42878
-5.65741
-4.87058
-4.87058
-3.12525
-2.75227
-4.48719
-3.48687
-4.09426
-4.09426
-4.09426
-4.09426
-3.24427
-3.0068
-3.0068
-4.1993
-4.18608
-4.18608
-3.79479
-3.79479
-4.12586
-4.28987
-2.59422
-3.53817
-3.53817
-2.47141
-1.58589
-1.61332
-1.1161
-0.772574
-0.538301
-2.22459
-2.24932
-2.56958
-2.12231
-1.21085
-1.92716
-1.36149
-1.45764
-1.80196
-2.77481
-3.04859
-3.04859
-4.06952
-6.58669
-5.15708
-4.82115
-4.82115
-5.34127
-5.43041
-4.53648
-5.69978
-5.69978
-4.66587
-3.86067
-2.90196
-2.43498
-2.47035
-2.47035
-0.261868
-2.30712
-2.82894
-2.25201
-1.70385
-3.39246
-1.75797
-3.19975
-4.56257
-4.56412
-4.81174
-4.81174
-3.16989
-0.108527
-2.14644
-2.21659
-1.93518
-1.93518
-2.2485
-2.3017
-1.29385
-1.19378
-2.03289
-3.5317
-4.1008
-4.1008
-4.08737
-4.08737
-5.51754
-6.19947
-5.54111
-5.54111
-5.67831
-6.1519
-7.29373
-6.10047
-5.6534
-5.0199
-5.11124
-4.00454
-4.41718
-5.20381
-5.2733
-5.2733
-4.7485
-4.99592
-6.23179
-7.17905
-6.89415
-7.10118
-6.71893
-6.71893
-6.71893
-6.71893
-7.42592
-7.21893
-7.21893
-5.62551
-5.81656
-5.81656
-5.92067
-5.92067
-5.92067
-5.45603
-5.57506
-7.22675
-7.47875
-5.81188
-5.22338
-5.08056
-4.39397
-3.28047
-3.66675
-3.20721
-3.12421
-1.23326
-0.416611
-0.103024
-1.20697
-1.64448
-1.02148
-3.22041
-4.03716
-4.03931
-5.44911
-5.78486
-4.06069
-3.61258
-3.90219
-2.44467
-0.896344
0.538606
0.37399
0.058823
0.058823
-1.39892
-2.58151
-1.20115
-0.498443
0.731672
1.04844
-0.237032
-0.237032
-0.287429
-0.287429
-0.338244
-1.07363
-1.07363
0.287475
0.458763
1.07205
-1.55208
-1.55208
-1.62956
-1.70152
-1.98523
-1.89136
-1.59465
-0.482007
-0.84053
-3.06258
-3.93668
-3.65648
-3.08101
-1.94618
-3.24786
-3.24786
-3.84505
-4.13591
-4.79516
-4.79516
-3.29499
-2.04189
-2.44895
-1.63667
-2.63671
-3.3575
-2.60199
-3.16546
-2.83612
-2.90941
-3.68299
-3.99322
-5.39492
-6.2727
-6.15847
-6.51773
-5.21997
-5.38699
-5.32264
-5.32264
-4.38969
-4.67556
-4.53295
-4.32482
-3.43546
-1.87122
-2.49141
-3.04742
-3.04742
-3.22179
-3.08137
-3.08137
-3.34217
-3.34217
-2.72828
-1.99671
-2.83928
-3.56948
-2.72558
-2.5871
-4.24404
-4.24404
-4.53415
-4.20333
-1.51467
-2.5907
-1.94915
-2.82073
-3.06734
-4.29478
-4.29226
-2.98944
-2.98944
-2.98944
-2.98944
-3.55517
-2.36357
-3.20337
-3.69828
-3.69828
-4.31707
-4.31707
-4.82804
-4.18756
-3.53742
-4.43529
-4.488
-4.488
-4.22889
-3.07479
-3.0402
-3.77095
-3.77095
-3.20292
-2.99697
-2.99697
-3.23615
-3.74491
-2.36007
-0.606931
-0.606931
-1.45979
-0.565072
-0.732167
-0.732167
0.142352
0.142352
0.21646
1.6195
2.83933
2.68991
2.68991
2.43719
2.43719
2.4652
3.21692
2.74093
2.60214
2.60214
2.43697
2.43697
2.43697
1.30119
1.58405
1.48396
1.78579
1.8374
1.60872
1.60872
1.60237
1.92718
2.27237
1.45907
1.31852
0.605903
-0.774428
-0.992237
-2.87291
-2.52367
-3.06135
-2.96951
-3.67543
-3.59905
-3.28633
-3.68107
-1.60816
-1.17899
-0.196408
-0.196408
0.999932
0.999932
-0.210996
-0.24602
0.31686
0.31686
0.632356
0.632356
-0.0940427
-0.0940427
-0.558033
-0.129625
-1.61505
-1.89065
-1.58163
-2.15868
-1.39381
-2.74524
-1.62894
-3.81685
-3.81685
-3.20049
-3.63044
-3.67089
-1.86963
-0.940062
-1.40944
-0.516297
0.964585
0.964585
1.15462
1.15462
-0.0624691
-0.548527
-1.8481
-1.8481
-1.34232
-2.4653
-3.35806
-3.00528
-1.70812
-2.42514
-0.343411
-0.950171
-0.110716
-0.748328
-0.345737
-0.632473
1.09257
0.226754
0.226754
-0.269217
-0.774454
-1.30343
-0.432736
-0.432736
-0.870659
-1.11261
-2.49197
-1.58503
-1.44292
-1.44292
-4.4058
-4.4058
-3.33496
-3.84738
-4.42344
-4.52844
-5.4343
-3.31099
-3.37877
-2.97923
-2.32892
-2.68113
-1.54275
-1.54275
-2.42612
-3.7491
-3.33172
-3.06013
-3.06013
-2.73643
-2.47911
-2.70855
-1.6538
-2.54249
-1.62719
-1.78015
-1.68997
-0.188405
-0.55637
0.544908
0.750601
0.523844
1.94861
0.967308
0.967308
-0.112316
-0.736071
-1.02556
-2.22584
-2.49865
-3.69301
-3.69301
-3.02027
-3.40044
-2.96476
-2.96476
-3.88246
-4.33207
-5.29056
-5.29056
-6.03358
-6.03358
-4.96011
-3.58171
-3.69235
-2.16318
-2.27705
-2.30789
-2.79476
-2.79476
-2.45069
-3.57505
-2.10201
-2.57101
-3.79588
-4.73623
-4.73623
-5.41587
-5.41587
-5.77048
-5.77048
-6.00778
-5.51497
-5.55419
-4.94246
-5.04049
-3.89847
-2.53258
-2.28486
-2.2789
-2.72368
-1.8569
-2.56372
-2.88395
-1.99868
-1.24475
-2.59837
-2.7264
-2.7264
-2.80017
-2.80017
-1.35985
-0.688187
-0.698985
-1.37865
-1.37865
-4.14194
-3.97867
-3.97867
-3.97867
-5.03797
-5.03797
-3.85439
-3.11159
-3.06231
-1.94019
-0.513611
0.227497
0.227497
0.478967
0.333032
-0.25302
-0.25302
-0.289753
-0.57282
-0.879809
0.258152
-0.810039
-0.750888
-1.48296
-1.48296
-3.11454
-3.95195
-2.82965
-2.8369
-2.49435
-4.74359
-2.99739
-1.42788
-1.6178
-1.0838
-1.0838
-1.94467
-1.37102
-1.78447
-2.83354
-2.83354
-2.83354
-2.76699
-2.90129
-4.15426
-3.34496
-1.41588
-3.04598
-4.47932
-3.52854
-3.59065
-3.59065
-3.52728
-3.36242
-2.44168
-2.08193
-2.12423
-2.67041
-2.30286
-4.33645
-4.80319
-4.80319
-3.82384
-3.18205
-2.20065
-2.26543
-3.21683
-3.21683
-1.88117
-1.57058
0.937046
1.70051
1.65786
1.65786
1.71076
2.16755
2.29898
2.58117
2.58117
2.27615
1.89742
2.11954
1.57119
-0.813594
0.0351722
0.0351722
0.420535
0.769899
-0.566216
-0.648478
-0.648478
-0.648478
-1.10458
-1.34118
-1.34118
-1.8935
-2.61777
-3.44062
-3.5456
-3.81855
-5.1866
-4.14396
-3.98247
-3.85624
-1.82823
-1.82823
-1.82823
-1.56243
-2.73528
-3.15202
-2.01742
-2.53891
-2.46749
-2.46749
-2.46749
-2.46749
-2.71545
-1.34056
-2.43269
-2.52859
-0.707917
-1.28006
-2.47484
-2.67377
-1.67471
-1.67471
-3.80901
-2.60416
-2.60416
-0.866698
-0.866698
-0.672162
-1.2355
-0.904517
-2.67992
-1.43693
-0.917065
-2.11802
-1.26295
-0.30954
-2.04261
-2.48791
-1.44741
-1.25776
-1.25776
-1.25776
-0.740558
-0.554342
-0.328099
-1.20874
-1.97145
-3.69743
-3.64945
-3.2515
-2.29491
-2.0358
-0.416428
-0.416428
0.654597
1.16151
1.16151
1.16151
1.41094
1.30796
1.30796
-0.209749
-1.92395
-3.5341
-3.52532
-2.42656
-2.8408
-2.36303
-4.14312
-4.14312
-4.14312
-5.76061
-5.76061
-5.0885
-5.31731
-5.23221
-5.48025
-5.48025
-5.84573
-5.37248
-5.12008
-6.36612
-5.57149
-5.57149
-6.37233
-6.37233
-6.35837
-6.19247
-4.47928
-3.82774
-4.75188
-3.67892
-4.67032
-3.57894
-4.36327
-5.59182
-5.59182
-3.50985
-3.37788
-3.37788
-1.09752
-3.46154
-2.32937
-2.77364
-2.51319
-2.80789
-3.22308
-2.48949
-1.42012
-3.10383
-3.10383
-5.20576
-3.41466
-2.9528
-2.71954
-2.29254
-3.59546
-3.61201
-2.63521
-1.96556
-1.11369
-1.11369
-1.11369
-1.11369
-1.23579
-0.488673
-1.14384
-0.75724
-0.818844
0.0550622
-0.368355
-0.368355
1.13202
1.13202
1.13202
0.948505
-0.211378
-0.211378
-0.14575
-2.70067
-2.70067
-3.76323
-3.76323
-3.76323
-3.76323
-3.76323
-3.69256
-3.69256
-3.69256
-4.02965
-5.07262
-5.07262
-6.08355
-5.26626
-4.42993
-3.67044
-3.12486
-3.14283
-3.446
-4.05739
-4.05739
-4.57412
-4.28241
-1.8121
-1.40109
-1.26251
-1.26251
-0.262635
0.475522
0.165579
-0.163042
0.581729
1.54404
2.31224
2.33456
2.33456
2.33456
2.30924
0.296658
1.0116
0.861812
-0.506596
-0.0283799
-0.614727
-1.63618
-2.84652
-2.34547
-1.15408
-1.15408
-0.657576
-1.02282
-1.02282
-1.52826
-2.67589
-2.67589
-2.20431
-2.20431
-1.93298
-2.17781
-1.8369
-1.53814
-2.69574
-4.37984
